72 46 97 
87 6 98 
72 79 43 
44 68 59 
86 78 5 
79 92 56 
80 34 45 
51 52 50 
36 38 85 
64 49 66 
90 32 22 
8 51 45 
20 28 86 
15 78 35 
21 27 68 
54 0 0 
31 83 52 
40 25 59 
65 12 67 
79 42 12 
88 22 14 
51 70 6 
78 24 1 
61 27 6 
89 11 67 
15 38 52 
70 11 64 
63 3 87 
55 16 38 
32 95 54 
60 84 96 
96 6 40 
60 16 76 
7 11 68 
6 53 85 
89 34 8 
82 4 88 
51 64 70 
83 28 78 
82 3 84 
70 41 96 
25 59 4 
70 14 19 
81 33 35 
93 90 8 
26 10 12 
70 6 64 
22 46 30 
30 14 74 
17 2 81 
10 77 29 
62 7 28 
64 3 13 
62 21 87 
13 87 47 
9 35 56 
70 71 43 
61 52 4 
88 28 42 
26 10 47 
4 37 59 
34 35 13 
97 79 49 
46 55 20 
38 77 50 
31 30 87 
55 95 41 
87 83 58 
13 14 16 
79 67 4 
22 10 13 
36 59 19 
1 7 23 
47 28 75 
92 52 91 
25 83 1 
57 29 99 
48 36 64 
15 32 19 
53 96 26 
13 33 0 
1 75 42 
29 35 26 
15 12 91 
72 51 21 
84 19 94 
66 70 7 
48 16 96 
50 43 22 
11 74 27 
37 13 16 
46 56 72 
53 78 86 
38 28 81 
14 65 20 
60 8 52 
84 37 6 
34 95 1 
10 45 36 
9 37 93 
