10 42 52 
64 70 60 
57 25 58 
39 78 21 
82 66 39 
86 12 87 
44 24 77 
11 58 74 
33 82 34 
38 71 67 
49 80 56 
16 83 97 
44 33 8 
24 35 51 
5 76 40 
14 31 64 
83 79 30 
1 39 46 
20 49 46 
21 94 43 
53 28 83 
72 39 69 
52 56 49 
19 16 32 
19 83 28 
64 45 3 
13 93 16 
4 83 47 
50 7 3 
48 31 82 
62 40 0 
79 74 50 
87 16 12 
68 16 93 
50 71 47 
32 16 99 
57 21 49 
10 50 4 
49 43 68 
39 15 68 
89 7 33 
4 58 71 
9 39 32 
76 62 79 
52 45 52 
34 9 89 
35 26 48 
22 6 27 
21 23 83 
12 11 73 
36 61 19 
9 64 1 
64 62 9 
99 33 60 
8 45 52 
74 86 57 
59 6 92 
2 41 52 
17 65 38 
71 74 1 
39 14 73 
29 91 24 
18 31 44 
57 28 42 
48 22 36 
68 64 53 
64 22 30 
95 95 81 
73 53 41 
12 18 3 
54 52 28 
88 83 91 
67 5 80 
37 10 18 
0 96 0 
52 49 84 
25 56 91 
44 30 47 
57 56 16 
68 11 85 
11 15 54 
29 94 24 
60 26 36 
59 3 88 
93 69 23 
57 92 29 
34 24 27 
61 41 39 
46 47 28 
95 82 76 
38 18 4 
83 45 31 
98 26 69 
95 50 22 
65 2 98 
49 65 2 
6 18 63 
5 28 9 
80 69 5 
23 23 48 
58 71 20 
7 52 4 
20 29 29 
18 85 76 
5 70 31 
6 58 98 
59 5 99 
34 86 14 
21 15 94 
89 46 85 
59 1 73 
35 68 82 
59 72 86 
95 56 12 
2 50 59 
61 64 6 
0 45 52 
37 90 96 
73 80 25 
88 94 74 
49 61 19 
45 89 61 
43 10 91 
2 14 5 
66 43 90 
22 4 91 
2 89 35 
82 18 77 
9 35 24 
20 8 65 
24 45 7 
13 95 12 
78 69 71 
89 4 72 
86 65 6 
47 69 63 
0 71 18 
81 49 47 
35 49 77 
41 15 22 
53 89 6 
30 64 32 
92 57 53 
92 25 4 
7 1 18 
7 52 5 
78 71 35 
46 77 51 
28 6 96 
50 80 99 
15 88 25 
11 30 81 
6 82 89 
8 21 72 
76 15 76 
48 70 70 
73 26 56 
66 75 33 
30 84 84 
28 89 59 
79 12 10 
20 51 30 
46 83 80 
9 87 47 
40 58 0 
83 43 79 
18 45 59 
5 59 20 
41 78 84 
19 56 89 
2 15 53 
83 49 98 
48 81 88 
51 77 76 
15 91 54 
1 42 79 
57 16 30 
21 79 80 
4 55 67 
66 85 99 
56 62 43 
37 4 61 
8 75 3 
42 60 65 
4 55 10 
90 44 16 
35 18 67 
81 26 95 
60 24 10 
73 74 4 
84 74 62 
16 91 64 
39 31 70 
62 25 79 
84 8 63 
86 10 31 
69 61 10 
28 21 1 
60 53 85 
72 39 66 
8 71 1 
58 91 65 
18 17 36 
97 59 89 
84 56 31 
67 70 6 
57 70 42 
45 84 42 
71 0 41 
51 54 54 
84 50 21 
40 82 10 
59 52 72 
42 94 82 
81 45 29 
57 95 96 
43 35 10 
65 22 43 
40 57 16 
4 2 16 
27 14 47 
90 93 84 
22 95 80 
67 52 87 
47 57 42 
78 67 40 
51 41 68 
47 90 43 
86 34 96 
52 0 47 
94 35 64 
43 8 80 
50 96 38 
13 89 85 
64 6 25 
74 78 71 
29 95 68 
14 61 83 
45 55 38 
25 29 85 
68 66 96 
26 47 22 
32 37 36 
40 79 26 
48 19 49 
84 77 52 
8 40 93 
90 39 82 
68 87 59 
65 90 26 
26 25 63 
66 79 92 
11 61 71 
78 61 74 
67 84 50 
89 73 99 
88 65 27 
51 55 25 
86 13 39 
16 72 69 
0 60 8 
52 19 43 
22 93 11 
56 82 30 
76 76 41 
48 95 56 
13 83 81 
67 60 94 
69 30 44 
61 8 22 
20 1 15 
55 34 30 
52 45 97 
72 53 52 
3 49 98 
64 68 1 
63 44 49 
65 15 55 
63 51 60 
51 51 42 
25 68 69 
95 4 17 
84 39 21 
99 45 92 
7 96 45 
47 70 7 
47 7 36 
65 80 49 
6 85 85 
37 79 77 
25 42 34 
8 34 60 
23 63 66 
96 72 19 
1 32 42 
64 53 75 
41 51 3 
1 99 74 
99 76 29 
72 35 50 
12 88 79 
94 9 75 
91 23 48 
27 77 50 
40 7 78 
26 29 76 
87 51 43 
48 39 20 
35 38 6 
90 13 80 
26 16 77 
92 6 53 
69 87 43 
60 83 73 
95 21 64 
27 52 47 
94 40 83 
91 75 12 
75 57 3 
46 2 56 
34 83 90 
96 88 61 
69 44 9 
2 16 35 
2 6 67 
91 50 38 
89 58 19 
30 67 12 
42 33 92 
53 64 32 
87 65 45 
97 1 13 
25 48 20 
43 46 62 
33 66 45 
60 24 51 
46 2 31 
99 40 97 
68 1 58 
78 91 88 
71 24 34 
99 93 47 
20 28 92 
8 74 70 
56 83 31 
17 53 14 
34 7 84 
88 73 26 
80 11 90 
90 13 84 
29 80 56 
29 9 79 
89 97 95 
33 8 81 
31 42 68 
56 71 80 
56 7 31 
3 24 45 
77 70 2 
81 92 68 
33 21 24 
74 62 13 
60 29 90 
18 90 86 
66 74 61 
31 14 81 
92 76 97 
14 47 26 
76 50 13 
10 4 14 
83 51 10 
57 48 31 
5 61 43 
7 38 36 
8 65 21 
38 68 15 
17 47 55 
59 22 64 
61 84 79 
4 18 27 
72 93 68 
20 62 76 
88 9 3 
24 77 13 
82 83 87 
15 86 85 
65 8 39 
86 61 71 
7 16 42 
93 33 2 
23 28 60 
16 38 52 
15 52 85 
6 91 92 
94 22 70 
6 76 11 
58 71 80 
3 18 4 
23 69 4 
47 41 22 
92 42 7 
85 81 40 
14 61 15 
15 54 12 
5 53 99 
91 82 22 
67 61 57 
43 48 6 
55 59 39 
71 10 71 
88 76 87 
37 67 48 
62 12 64 
62 84 47 
60 13 97 
20 85 90 
14 56 22 
72 56 9 
37 94 10 
17 42 52 
88 20 30 
70 99 43 
70 45 65 
59 88 27 
28 98 11 
66 80 45 
84 40 80 
2 27 75 
43 28 21 
54 4 53 
60 20 45 
75 6 69 
22 65 0 
21 64 60 
71 20 97 
52 5 89 
16 36 35 
10 24 35 
4 45 21 
7 6 13 
1 84 16 
88 61 64 
25 20 81 
56 32 5 
84 91 13 
32 56 50 
75 28 68 
42 20 98 
29 41 95 
8 35 26 
72 23 59 
68 36 9 
97 6 44 
75 40 31 
89 26 39 
69 16 28 
39 49 63 
1 97 70 
17 41 40 
53 41 23 
19 35 19 
15 75 57 
52 84 4 
24 10 30 
27 38 77 
6 42 84 
43 9 85 
8 17 19 
99 63 83 
49 40 14 
66 1 67 
78 2 54 
89 96 11 
2 30 50 
63 30 42 
2 15 50 
51 86 80 
48 8 77 
60 54 80 
54 24 61 
13 9 26 
74 87 15 
36 63 87 
66 53 51 
22 24 75 
92 32 31 
70 48 25 
45 96 78 
54 37 60 
37 7 80 
39 27 90 
45 50 81 
66 19 60 
51 78 53 
62 6 98 
39 62 82 
50 50 10 
73 82 98 
55 93 18 
60 41 21 
41 57 77 
6 63 91 
29 47 78 
95 21 50 
39 15 54 
68 37 19 
89 54 52 
72 39 7 
48 76 77 
92 3 23 
72 58 2 
72 70 77 
49 27 13 
73 21 26 
44 9 42 
49 62 95 
34 49 80 
11 75 99 
66 5 88 
85 5 59 
53 41 53 
81 32 45 
13 25 95 
9 56 2 
40 77 64 
47 40 26 
41 73 53 
80 31 17 
82 54 56 
65 25 40 
94 99 3 
55 25 86 
77 26 61 
63 77 82 
37 75 67 
80 3 11 
19 82 2 
57 22 78 
25 56 22 
13 37 10 
34 79 39 
0 73 21 
8 23 91 
12 58 60 
54 86 27 
80 69 41 
86 11 28 
48 98 35 
19 83 21 
5 17 79 
95 17 82 
35 34 7 
23 61 69 
39 59 44 
96 23 39 
10 81 72 
78 86 19 
23 38 52 
49 73 68 
61 20 22 
67 32 85 
63 50 69 
53 54 35 
0 57 78 
78 46 62 
93 25 22 
58 93 49 
30 54 54 
0 13 19 
81 70 29 
52 74 58 
93 41 70 
69 78 24 
35 50 98 
10 53 71 
2 33 55 
76 66 43 
50 45 75 
27 63 86 
82 8 67 
86 71 70 
65 56 82 
31 20 0 
88 23 37 
56 69 13 
18 12 95 
27 41 3 
91 44 53 
47 97 4 
35 88 88 
40 82 56 
0 7 77 
85 77 99 
3 32 49 
0 6 96 
49 64 27 
33 66 2 
64 32 13 
54 25 61 
96 81 29 
43 39 16 
92 30 3 
2 66 30 
8 2 31 
4 53 40 
72 0 55 
36 11 7 
56 24 10 
32 94 69 
37 91 35 
89 77 63 
75 47 98 
86 0 65 
77 81 53 
76 3 61 
67 8 73 
61 45 75 
90 89 41 
65 20 8 
21 50 57 
9 47 70 
78 14 51 
48 51 94 
78 29 65 
96 73 92 
94 46 37 
85 12 83 
5 20 46 
88 17 73 
32 34 27 
21 59 33 
49 74 12 
16 66 61 
21 23 97 
17 23 96 
24 73 14 
9 48 19 
69 71 98 
4 64 44 
51 35 23 
97 75 46 
25 21 98 
20 1 28 
44 76 42 
52 62 78 
64 12 98 
18 72 42 
37 10 7 
43 69 61 
51 51 96 
61 44 69 
87 28 82 
4 0 91 
42 11 45 
15 84 79 
31 60 71 
60 31 38 
41 15 33 
96 23 55 
54 71 63 
25 9 83 
6 70 44 
39 76 74 
8 2 4 
42 3 5 
15 61 57 
98 73 0 
64 76 12 
29 61 67 
35 36 62 
52 76 98 
36 40 61 
77 67 17 
95 72 1 
60 88 87 
24 91 1 
48 97 53 
81 17 6 
93 65 16 
90 44 22 
24 69 43 
67 40 50 
64 88 15 
24 41 1 
37 11 51 
60 9 46 
28 30 82 
71 85 23 
19 11 68 
68 36 10 
0 92 45 
58 82 74 
49 60 89 
43 24 40 
84 44 93 
61 32 73 
70 25 40 
5 19 97 
84 94 94 
88 1 16 
91 92 86 
41 16 6 
40 63 14 
69 48 7 
17 92 19 
18 41 30 
65 65 88 
96 20 70 
10 3 91 
40 83 37 
6 68 75 
46 67 19 
14 89 25 
70 17 47 
18 66 85 
96 37 29 
73 17 48 
30 69 78 
92 29 34 
77 76 92 
68 92 90 
6 88 34 
79 18 15 
93 5 82 
17 57 94 
68 62 42 
53 60 85 
86 82 19 
12 76 94 
92 60 56 
15 64 4 
50 67 6 
39 76 25 
56 19 56 
13 88 32 
28 85 44 
30 47 64 
12 21 41 
37 79 43 
63 7 67 
49 71 42 
19 27 94 
28 68 34 
90 62 29 
0 67 64 
64 78 7 
7 80 48 
42 89 84 
93 24 27 
29 95 54 
72 28 41 
37 26 44 
97 64 88 
17 36 31 
33 74 22 
43 89 56 
4 30 20 
14 26 46 
0 99 63 
47 78 34 
72 37 88 
11 33 10 
82 7 85 
82 15 44 
88 91 81 
68 93 14 
46 80 33 
66 22 19 
50 73 18 
13 41 60 
82 36 53 
36 91 63 
97 70 8 
78 20 49 
70 39 19 
4 65 80 
34 99 34 
5 67 85 
74 94 76 
16 79 26 
87 90 98 
20 34 67 
13 6 65 
88 51 14 
28 37 6 
95 29 1 
51 95 7 
55 3 2 
52 96 20 
10 1 44 
0 4 93 
78 26 1 
99 53 82 
20 23 13 
17 95 20 
11 58 37 
35 16 83 
59 99 55 
39 14 54 
15 54 43 
54 65 47 
30 91 79 
50 26 53 
80 71 25 
15 6 55 
8 19 94 
10 1 6 
8 81 87 
73 98 22 
70 37 17 
83 17 97 
42 15 85 
18 41 2 
96 9 76 
40 76 71 
97 47 70 
4 26 67 
4 27 75 
47 24 97 
20 99 96 
62 5 33 
37 79 61 
78 20 93 
84 30 33 
14 78 49 
89 33 99 
84 47 22 
10 43 53 
85 45 59 
14 25 13 
23 29 49 
33 90 62 
80 77 41 
36 26 89 
4 19 73 
46 70 1 
47 78 72 
82 32 7 
7 11 81 
89 19 22 
58 22 14 
84 36 68 
0 57 35 
96 3 99 
24 16 72 
85 67 85 
8 40 43 
83 49 28 
77 45 54 
24 71 24 
89 4 74 
53 87 20 
57 11 35 
3 71 78 
78 65 47 
3 46 74 
80 43 39 
30 30 30 
38 2 98 
58 38 52 
51 89 18 
2 53 3 
68 60 9 
58 59 3 
55 87 94 
50 36 34 
65 75 65 
33 61 32 
66 58 64 
43 5 80 
99 25 81 
36 33 19 
87 28 91 
35 37 10 
55 87 3 
34 75 28 
72 72 25 
36 67 53 
89 65 62 
95 25 26 
0 26 26 
94 87 2 
99 87 14 
32 6 75 
11 50 40 
54 77 26 
99 97 4 
89 82 67 
58 58 31 
75 17 49 
56 17 33 
29 12 33 
80 23 40 
73 35 69 
68 71 42 
87 35 52 
55 97 0 
87 49 46 
96 87 15 
60 7 83 
44 79 77 
99 49 22 
32 2 62 
44 70 39 
29 78 41 
91 68 70 
20 68 76 
2 17 18 
77 55 18 
90 9 53 
16 6 67 
62 77 81 
99 22 2 
13 65 71 
90 75 47 
65 9 69 
8 0 52 
0 50 57 
37 1 67 
92 30 75 
84 76 5 
70 8 46 
10 33 83 
92 0 65 
23 28 44 
13 47 7 
77 15 29 
16 64 94 
47 54 19 
74 22 12 
82 17 5 
12 74 33 
69 85 64 
35 9 16 
47 62 16 
71 64 55 
63 0 96 
40 48 4 
41 59 58 
42 93 0 
81 4 1 
40 29 8 
70 95 3 
2 17 37 
3 1 29 
91 26 47 
5 9 68 
90 42 83 
57 32 11 
91 69 65 
50 21 0 
86 80 53 
47 19 92 
78 63 96 
19 26 88 
86 97 26 
61 91 40 
51 44 11 
42 84 0 
34 57 37 
37 70 32 
91 28 91 
33 39 29 
6 44 95 
20 36 89 
82 57 71 
80 47 78 
81 22 29 
55 28 27 
24 42 12 
51 59 90 
12 8 81 
49 53 73 
90 64 69 
56 30 85 
96 14 92 
73 52 68 
28 30 19 
22 80 32 
92 16 74 
1 98 7 
27 92 53 
12 86 18 
3 1 93 
51 38 89 
23 77 37 
54 73 94 
97 37 15 
6 19 79 
62 49 21 
58 90 25 
25 28 32 
18 34 38 
51 16 37 
19 19 95 
94 62 18 
74 20 6 
2 13 7 
82 38 35 
91 13 58 
19 81 55 
66 23 60 
97 62 69 
45 94 14 
49 13 25 
72 43 34 
17 76 30 
11 92 94 
52 68 95 
39 40 25 
70 94 36 
34 96 76 
96 17 55 
74 0 38 
4 6 11 
45 6 57 
41 31 82 
98 15 99 
71 85 50 
25 47 80 
44 86 80 
26 34 69 
45 74 30 
76 64 85 
28 68 12 
78 84 83 
48 46 37 
21 92 30 
50 19 73 
24 46 39 
27 53 38 
61 89 27 
79 87 90 
24 70 65 
77 97 26 
48 3 40 
96 39 70 
78 89 73 
87 29 46 
36 73 75 
88 92 48 
17 46 57 
92 22 70 
10 83 16 
44 47 71 
66 92 10 
57 88 77 
84 99 88 
56 17 5 
5 29 61 
90 49 59 
27 7 76 
85 47 68 
57 54 50 
47 13 53 
63 2 40 
60 49 71 
98 60 67 
20 21 27 
53 4 26 
56 97 34 
51 43 94 
83 19 52 
66 87 82 
94 12 33 
14 82 75 
46 64 44 
72 45 87 
49 74 1 
48 40 6 
91 17 58 
90 23 81 
3 30 1 
5 92 72 
5 38 78 
82 54 68 
44 19 56 
32 35 16 
55 85 50 
58 50 79 
16 63 29 
77 53 21 
69 8 80 
7 75 3 
54 71 93 
38 39 21 
94 89 83 
54 13 23 
73 58 71 
6 15 45 
73 44 20 
20 42 53 
19 60 75 
56 40 74 
6 99 69 
97 85 96 
84 49 60 
34 23 29 
78 51 47 
93 24 91 
72 70 84 
28 69 41 
0 38 23 
90 68 72 
73 63 52 
33 63 17 
98 81 17 
44 43 59 
38 61 64 
23 99 37 
79 8 18 
4 94 22 
95 93 43 
57 24 2 
1 29 20 
57 84 79 
45 7 39 
10 9 76 
51 90 38 
52 72 12 
89 71 44 
36 20 48 
12 1 91 
40 99 33 
89 13 6 
69 46 67 
75 96 17 
30 76 22 
59 64 46 
97 98 88 
17 4 5 
69 78 79 
4 48 0 
19 62 2 
13 93 32 
17 57 63 
77 92 75 
35 80 51 
6 31 60 
83 93 22 
86 60 92 
42 93 57 
1 38 9 
65 66 79 
70 60 91 
82 66 47 
36 91 93 
73 53 2 
1 28 53 
98 61 63 
20 30 71 
83 4 18 
86 37 12 
43 26 38 
73 98 24 
24 75 47 
42 1 90 
65 52 58 
43 12 14 
84 31 38 
31 24 21 
57 72 15 
82 21 61 
45 3 52 
26 22 73 
97 73 97 
83 70 73 
87 52 28 
25 2 14 
25 75 63 
53 65 15 
0 70 86 
85 33 57 
76 21 28 
62 50 17 
84 98 35 
65 17 45 
54 29 51 
73 70 87 
45 75 28 
39 48 58 
44 89 19 
82 32 93 
14 43 35 
2 9 70 
54 63 50 
19 64 56 
28 84 63 
18 3 47 
8 47 63 
57 16 69 
30 93 31 
10 57 49 
56 22 40 
86 40 26 
92 33 53 
2 46 97 
87 49 2 
12 7 85 
47 97 27 
93 58 47 
49 20 13 
2 90 29 
29 75 80 
91 43 71 
8 61 90 
4 5 49 
65 85 2 
17 15 74 
29 43 19 
85 57 41 
92 99 38 
4 1 72 
65 13 42 
16 30 33 
3 13 57 
86 91 1 
43 95 18 
91 64 20 
99 33 77 
97 15 42 
68 89 21 
66 31 61 
79 93 78 
75 94 36 
39 44 58 
54 57 96 
41 11 42 
41 22 3 
6 29 46 
0 66 58 
61 25 25 
46 92 29 
28 90 1 
25 77 51 
91 94 24 
16 85 14 
12 55 15 
68 62 55 
96 22 55 
83 74 75 
75 87 47 
90 90 35 
65 14 80 
84 39 52 
35 22 65 
29 64 77 
0 10 50 
24 70 28 
43 98 53 
11 4 1 
36 86 26 
64 82 8 
2 94 35 
73 89 72 
72 50 27 
96 68 78 
5 6 67 
26 24 81 
79 75 56 
93 68 81 
97 31 69 
4 71 4 
56 41 55 
81 33 83 
65 79 70 
39 92 38 
74 52 69 
28 25 90 
59 43 42 
51 27 91 
32 9 41 
72 39 98 
16 71 97 
78 15 44 
90 68 31 
79 49 99 
87 33 27 
28 1 71 
79 73 88 
56 40 16 
9 46 43 
35 18 59 
73 66 13 
47 68 28 
56 24 29 
52 45 61 
89 88 51 
5 32 64 
3 25 67 
19 45 26 
16 12 11 
10 89 54 
20 19 54 
28 3 34 
0 23 1 
91 35 29 
95 82 51 
19 9 71 
5 5 23 
34 70 42 
21 95 32 
9 52 27 
50 96 53 
58 78 46 
20 42 9 
60 61 84 
48 51 83 
32 98 27 
30 8 39 
68 35 20 
16 5 56 
63 73 8 
69 79 81 
79 90 29 
25 64 47 
76 37 85 
76 76 89 
16 52 16 
73 61 99 
30 7 30 
15 16 80 
85 36 21 
72 25 62 
24 38 35 
77 68 48 
43 60 40 
30 72 50 
63 25 90 
78 85 33 
31 57 6 
16 97 64 
91 69 31 
14 36 14 
75 34 35 
66 6 98 
75 24 52 
78 94 83 
44 75 34 
44 56 94 
5 2 28 
7 22 36 
3 56 8 
47 15 41 
68 75 54 
1 52 35 
66 53 53 
63 15 65 
25 91 6 
93 89 10 
58 86 35 
85 72 74 
61 69 13 
55 61 72 
98 30 64 
65 98 22 
95 94 50 
33 8 57 
50 71 55 
41 93 19 
4 54 55 
95 42 48 
95 41 35 
79 63 71 
8 3 47 
1 27 60 
24 95 61 
40 69 68 
57 35 7 
35 54 76 
41 85 57 
87 90 77 
97 85 18 
23 65 88 
35 15 99 
44 64 34 
70 40 2 
29 75 50 
60 99 9 
51 25 92 
86 17 34 
21 21 46 
58 81 76 
95 41 52 
30 66 95 
69 1 9 
31 88 82 
23 82 99 
30 98 10 
61 57 28 
72 24 37 
11 60 91 
58 28 61 
90 49 77 
33 32 82 
9 81 2 
73 60 20 
88 11 36 
99 51 14 
57 80 32 
27 16 81 
7 49 26 
4 59 85 
11 46 61 
8 83 70 
7 96 17 
23 30 77 
64 10 18 
81 53 71 
33 44 48 
1 1 87 
93 3 64 
43 87 85 
52 83 68 
58 78 47 
13 99 33 
58 4 83 
45 49 68 
29 21 70 
8 75 63 
39 11 35 
61 85 44 
92 84 12 
40 49 58 
29 99 52 
91 4 15 
72 10 26 
19 1 99 
73 19 43 
69 57 22 
9 77 73 
57 25 22 
41 56 16 
24 25 24 
74 99 26 
93 29 65 
59 33 10 
42 28 4 
88 73 19 
74 20 78 
89 97 24 
60 40 2 
21 15 56 
99 74 46 
25 93 73 
54 7 90 
2 50 23 
80 34 65 
56 49 97 
28 92 7 
32 92 66 
28 99 40 
81 14 80 
15 54 14 
11 94 77 
89 71 58 
11 34 45 
53 38 30 
12 77 18 
94 25 35 
74 63 50 
21 42 90 
8 8 24 
92 47 66 
3 62 41 
24 17 82 
90 51 46 
36 21 9 
49 0 23 
41 68 88 
78 53 72 
32 39 46 
10 52 54 
78 92 78 
85 20 25 
74 24 52 
85 69 83 
45 93 16 
29 9 79 
6 73 93 
7 2 92 
17 35 47 
43 80 34 
77 15 1 
3 66 45 
7 99 43 
12 51 27 
32 42 45 
2 96 78 
50 93 27 
24 78 64 
1 25 32 
4 30 34 
30 8 62 
65 61 77 
33 22 42 
58 8 86 
93 56 44 
98 29 85 
71 68 20 
68 84 78 
12 83 71 
60 94 66 
59 66 34 
78 68 46 
13 50 70 
78 53 66 
85 28 28 
4 94 85 
91 81 34 
98 27 81 
30 3 69 
60 30 88 
88 10 67 
88 72 96 
86 4 58 
35 18 59 
83 34 64 
47 97 34 
78 12 69 
21 73 29 
98 35 44 
5 9 4 
79 85 61 
22 9 70 
19 35 83 
66 64 28 
31 55 35 
81 49 91 
69 44 14 
20 84 1 
21 45 3 
97 12 55 
61 86 24 
34 29 72 
21 17 70 
36 47 74 
18 19 97 
74 16 16 
89 27 47 
44 64 24 
21 77 69 
47 21 12 
26 54 33 
55 62 37 
0 94 9 
37 94 48 
46 2 91 
51 4 6 
12 50 19 
94 59 23 
85 70 74 
67 1 90 
46 83 32 
5 1 10 
72 52 82 
13 37 96 
62 43 6 
34 72 67 
59 70 64 
82 29 56 
49 1 82 
66 67 69 
35 10 92 
6 15 35 
18 27 98 
88 24 53 
79 80 75 
13 20 31 
33 49 17 
74 41 57 
53 56 89 
68 86 68 
49 21 58 
16 65 19 
60 22 9 
41 9 33 
17 47 82 
0 62 43 
12 67 38 
86 4 70 
7 4 22 
43 59 52 
53 20 7 
35 32 10 
25 66 19 
91 43 71 
70 86 16 
78 72 51 
2 95 77 
40 51 8 
33 59 83 
78 84 84 
22 58 25 
22 27 94 
74 89 1 
14 18 93 
81 83 92 
96 75 82 
24 67 77 
35 34 52 
97 36 35 
54 28 69 
60 85 44 
56 51 92 
49 24 68 
3 49 7 
66 43 86 
77 69 87 
71 23 99 
0 24 5 
19 41 49 
97 21 50 
89 31 60 
77 86 40 
99 39 91 
87 37 90 
4 1 73 
23 44 31 
92 16 99 
90 89 49 
39 93 32 
1 10 34 
96 57 18 
12 34 44 
24 41 49 
99 3 16 
65 95 54 
8 44 26 
86 5 8 
58 82 25 
86 63 68 
12 16 2 
42 54 52 
58 55 25 
54 20 40 
30 89 88 
49 74 45 
5 78 97 
26 23 2 
80 77 65 
19 44 0 
59 38 26 
71 79 30 
93 11 84 
25 72 84 
48 49 74 
11 11 55 
77 32 57 
27 10 95 
51 55 74 
86 80 20 
33 70 44 
42 48 79 
72 51 42 
40 72 52 
75 48 17 
26 99 85 
44 72 15 
41 23 32 
79 48 88 
28 24 0 
92 56 42 
49 98 16 
55 36 23 
61 4 33 
23 74 62 
16 82 70 
60 44 87 
14 29 77 
49 89 33 
98 71 72 
39 84 8 
30 7 18 
0 34 75 
64 41 87 
65 22 55 
55 94 69 
9 38 23 
33 33 14 
21 57 53 
50 90 35 
52 7 9 
64 32 6 
34 61 99 
5 38 71 
21 8 76 
30 20 71 
67 76 71 
78 31 23 
26 22 45 
54 61 99 
24 42 29 
57 59 38 
46 85 63 
28 80 52 
58 72 62 
63 21 94 
34 66 23 
92 50 61 
47 50 21 
77 44 55 
1 98 25 
42 46 12 
78 44 65 
55 61 14 
12 87 30 
91 26 23 
44 59 64 
18 5 11 
34 55 14 
92 88 86 
49 51 54 
79 88 69 
27 7 0 
82 28 57 
35 96 8 
69 48 34 
71 60 32 
16 90 41 
93 17 62 
27 54 32 
32 94 29 
90 37 42 
45 11 29 
19 4 55 
85 76 85 
25 12 18 
25 16 41 
30 85 21 
31 27 50 
59 49 41 
37 26 20 
77 32 94 
13 7 89 
66 57 2 
60 61 15 
73 63 0 
74 39 63 
84 16 78 
75 54 37 
34 78 86 
10 32 51 
61 97 23 
35 51 91 
53 56 1 
15 87 94 
0 91 96 
82 82 3 
99 33 1 
4 89 92 
35 76 0 
15 22 57 
5 32 56 
0 60 14 
47 40 97 
33 96 80 
35 39 75 
99 34 40 
30 84 67 
67 62 90 
53 12 13 
53 61 56 
47 41 48 
45 23 24 
30 71 74 
66 83 35 
28 19 78 
92 11 61 
24 61 6 
3 9 56 
8 51 67 
20 10 15 
78 31 9 
70 34 89 
26 87 0 
63 33 65 
5 36 89 
57 12 74 
89 2 54 
46 59 41 
23 75 7 
30 23 35 
4 6 43 
31 2 71 
64 12 46 
82 59 37 
66 48 51 
23 52 63 
41 14 82 
93 74 28 
15 57 85 
43 62 85 
36 3 66 
58 94 25 
3 71 2 
33 13 89 
34 78 83 
51 66 90 
55 26 32 
2 53 32 
36 13 88 
42 31 26 
62 83 85 
77 2 30 
33 47 63 
22 59 7 
72 72 39 
85 67 2 
83 47 52 
25 49 47 
24 69 0 
72 29 58 
3 47 48 
43 51 1 
86 46 57 
67 76 74 
58 57 21 
51 58 86 
24 70 29 
87 95 94 
79 50 88 
38 32 95 
3 6 61 
36 33 67 
9 21 86 
19 4 56 
87 95 46 
9 99 91 
30 78 70 
68 90 39 
93 17 74 
11 53 23 
45 31 96 
39 4 39 
38 38 19 
55 14 44 
39 56 28 
32 43 24 
68 53 31 
40 81 55 
38 24 62 
13 20 65 
78 34 86 
52 25 97 
96 94 6 
3 78 38 
2 10 76 
13 54 29 
97 63 48 
25 12 56 
39 65 39 
46 15 2 
90 98 57 
11 59 88 
51 92 48 
16 55 51 
10 75 6 
34 70 97 
86 19 73 
49 92 69 
13 79 63 
58 57 86 
11 9 49 
25 79 44 
99 73 56 
61 74 85 
56 29 92 
49 94 82 
94 38 60 
26 80 16 
52 84 94 
49 80 19 
99 18 89 
49 62 56 
29 34 9 
77 94 40 
61 25 42 
24 56 51 
76 19 12 
46 34 74 
48 76 75 
86 74 1 
0 94 23 
86 73 32 
92 28 23 
76 67 1 
40 15 16 
79 18 90 
81 50 15 
3 41 9 
54 20 59 
51 32 89 
44 43 30 
49 34 36 
56 8 63 
3 67 80 
26 24 43 
93 20 16 
87 24 24 
91 42 39 
94 7 68 
62 97 28 
12 2 88 
99 8 10 
15 97 97 
54 18 71 
89 94 30 
46 61 62 
67 5 27 
45 74 56 
52 88 27 
25 97 36 
78 38 51 
62 8 53 
30 89 31 
7 68 81 
55 36 11 
88 76 39 
76 96 79 
91 1 25 
76 87 5 
16 48 68 
16 7 72 
11 16 93 
59 47 9 
55 81 36 
23 72 49 
36 63 3 
74 4 84 
39 56 47 
50 55 41 
84 95 62 
53 16 35 
44 82 82 
40 8 74 
7 54 70 
40 67 85 
65 13 44 
33 97 59 
68 61 7 
20 68 81 
7 55 10 
90 13 35 
81 23 14 
72 8 79 
32 18 1 
81 53 8 
0 70 72 
17 38 65 
21 82 39 
85 4 47 
71 35 61 
87 85 89 
38 60 24 
1 11 67 
53 49 6 
11 9 84 
65 96 13 
44 4 49 
82 65 17 
89 78 40 
36 98 4 
16 72 37 
22 9 23 
58 89 83 
49 33 9 
49 59 68 
74 35 40 
12 55 38 
21 58 10 
65 61 51 
76 64 45 
93 63 63 
79 45 27 
24 96 75 
43 29 67 
85 41 46 
40 78 92 
8 22 49 
92 40 92 
50 96 71 
93 6 94 
77 98 69 
47 98 30 
43 28 76 
76 33 23 
4 78 42 
53 94 40 
73 30 99 
21 85 12 
33 47 23 
90 56 70 
98 79 67 
26 29 0 
87 55 4 
14 80 12 
64 59 13 
43 83 55 
66 40 58 
