50 45 41 
19 83 5 
57 91 3 
8 30 59 
71 95 2 
24 21 59 
34 4 96 
10 80 80 
77 89 0 
35 67 72 
58 1 75 
60 82 75 
56 59 79 
53 4 77 
10 32 42 
68 68 31 
57 55 27 
84 43 27 
61 70 70 
42 91 81 
13 79 3 
34 98 47 
31 42 34 
74 5 8 
7 20 9 
74 22 33 
8 73 94 
33 89 67 
94 21 34 
81 72 24 
41 30 8 
72 63 38 
48 42 95 
77 82 79 
10 94 74 
71 96 96 
33 35 57 
48 16 70 
57 81 71 
67 91 78 
9 42 85 
55 62 48 
73 36 16 
5 19 63 
50 22 54 
38 24 90 
32 40 93 
0 59 42 
81 75 94 
93 39 41 
42 74 34 
91 83 0 
65 81 82 
5 14 30 
55 40 30 
71 79 41 
45 57 91 
13 41 11 
40 39 35 
32 23 71 
20 82 54 
37 93 11 
19 75 15 
96 6 47 
82 21 0 
96 28 17 
96 68 92 
53 2 79 
96 60 42 
45 56 28 
38 89 73 
21 3 87 
46 99 19 
31 45 51 
77 47 4 
26 82 11 
9 82 58 
15 89 85 
42 48 78 
75 30 39 
17 4 29 
79 94 38 
90 94 21 
76 41 69 
78 40 25 
95 49 77 
39 92 88 
67 83 9 
41 5 18 
21 53 43 
83 45 46 
7 18 30 
63 99 49 
65 67 20 
62 99 71 
18 5 58 
94 28 75 
74 90 23 
81 27 65 
11 26 57 
36 21 6 
16 78 19 
43 72 61 
94 17 50 
62 96 37 
14 40 90 
90 72 88 
13 51 15 
5 30 9 
9 71 50 
63 56 27 
79 51 68 
34 21 37 
23 6 41 
92 38 69 
79 19 7 
32 30 49 
59 72 87 
57 34 68 
22 61 40 
19 49 14 
62 88 33 
44 64 10 
6 55 29 
25 96 80 
77 81 18 
25 43 65 
3 43 21 
31 98 36 
65 14 62 
26 33 75 
7 56 86 
40 99 78 
95 80 75 
66 64 92 
95 88 40 
76 62 42 
83 99 55 
86 12 19 
38 10 85 
99 74 33 
63 47 2 
78 22 22 
72 51 3 
0 63 38 
53 53 87 
21 28 24 
49 29 37 
46 95 33 
3 12 65 
67 39 16 
9 21 35 
81 79 84 
28 75 18 
96 97 10 
71 15 98 
80 55 22 
40 3 95 
55 37 23 
33 93 18 
44 72 79 
38 34 74 
2 4 57 
18 83 42 
91 23 68 
71 80 20 
67 35 45 
72 56 23 
44 82 62 
87 71 35 
54 28 50 
55 15 34 
88 98 46 
43 75 0 
3 42 68 
66 94 63 
17 62 85 
62 19 77 
87 40 7 
10 34 78 
27 59 56 
76 16 31 
81 0 22 
49 52 78 
1 30 5 
55 68 91 
59 57 54 
3 23 93 
52 59 56 
54 89 42 
54 55 5 
6 17 65 
47 57 50 
1 83 28 
79 31 65 
83 31 40 
76 42 60 
9 14 34 
94 32 11 
81 11 26 
25 1 19 
11 41 4 
46 81 60 
23 54 20 
31 43 95 
55 84 85 
59 85 32 
58 15 68 
16 60 30 
85 29 41 
21 81 30 
48 74 28 
52 76 71 
84 83 30 
49 24 22 
42 41 2 
58 88 85 
1 92 18 
31 66 83 
1 6 25 
56 55 36 
20 35 28 
38 85 98 
85 17 30 
94 12 5 
62 36 17 
84 95 89 
36 23 12 
40 71 94 
21 61 14 
3 8 64 
72 1 24 
63 8 4 
69 54 95 
23 77 90 
29 78 98 
19 94 90 
93 79 25 
43 50 80 
85 1 24 
90 99 54 
29 8 25 
93 37 88 
62 96 34 
36 78 48 
91 93 83 
7 74 53 
5 80 10 
20 33 33 
54 86 80 
1 83 69 
12 13 45 
21 32 54 
12 79 13 
78 2 31 
52 33 89 
0 7 13 
58 13 96 
5 83 84 
78 70 98 
32 1 52 
80 51 99 
82 65 57 
23 10 31 
64 87 39 
50 92 63 
77 79 6 
52 86 81 
76 84 58 
82 2 41 
40 38 38 
14 48 18 
10 48 9 
2 28 60 
0 76 64 
31 99 12 
71 6 93 
11 84 24 
53 75 18 
47 66 38 
61 35 75 
55 87 28 
0 96 13 
21 0 82 
74 51 61 
56 29 82 
90 28 16 
72 54 62 
33 40 56 
93 78 93 
73 34 11 
50 80 33 
93 38 42 
1 5 4 
40 31 41 
24 17 46 
5 22 11 
34 83 92 
25 57 13 
86 71 35 
81 52 18 
39 42 85 
72 71 83 
57 45 30 
82 66 87 
53 67 96 
83 56 99 
23 19 26 
81 85 99 
31 40 62 
66 92 1 
3 70 96 
80 72 75 
60 79 55 
20 10 27 
52 14 67 
14 57 67 
6 74 31 
20 80 75 
75 44 2 
50 89 3 
77 81 63 
47 11 12 
38 66 28 
11 19 65 
78 1 97 
93 77 26 
11 43 82 
60 17 60 
44 81 38 
24 99 59 
96 56 27 
50 13 60 
79 76 52 
6 6 27 
80 0 64 
61 23 1 
98 70 51 
18 34 30 
59 33 63 
42 29 92 
76 52 91 
72 62 49 
82 71 26 
3 83 12 
4 72 54 
42 8 6 
99 18 17 
43 13 33 
72 10 82 
18 18 34 
93 30 92 
55 2 21 
39 53 42 
52 87 98 
6 60 50 
84 29 19 
63 8 2 
20 74 3 
64 23 59 
83 31 91 
18 70 51 
75 59 52 
70 11 49 
74 52 14 
12 16 26 
87 26 59 
10 73 74 
12 53 26 
64 35 31 
51 74 60 
15 49 18 
83 69 93 
15 63 90 
48 69 95 
11 31 44 
43 98 71 
21 32 82 
13 87 2 
67 81 4 
39 82 89 
10 48 99 
90 69 26 
28 83 92 
87 22 39 
28 13 95 
64 81 80 
31 32 4 
24 96 8 
11 75 85 
49 61 46 
93 21 68 
53 39 88 
21 93 79 
99 81 48 
31 38 50 
26 16 91 
36 27 21 
68 28 8 
99 49 27 
65 18 73 
41 5 53 
4 90 80 
86 36 81 
61 83 24 
17 87 92 
69 29 98 
76 43 96 
66 32 84 
62 73 12 
37 1 3 
9 21 40 
75 64 71 
7 53 74 
53 3 55 
90 5 20 
45 78 5 
98 96 99 
62 89 31 
36 25 37 
22 1 80 
68 85 75 
15 87 96 
82 32 4 
25 17 55 
65 65 32 
61 66 70 
85 25 96 
13 35 62 
32 46 7 
52 98 80 
40 92 76 
54 55 48 
88 44 5 
25 54 82 
17 79 61 
32 39 71 
8 11 14 
59 6 73 
67 7 78 
28 16 5 
63 53 70 
12 46 40 
26 42 78 
24 66 90 
98 89 30 
31 91 31 
24 0 78 
97 27 43 
12 93 5 
99 31 38 
44 93 35 
46 82 13 
90 76 93 
91 23 0 
84 21 95 
2 79 47 
51 19 59 
50 49 11 
65 85 22 
2 67 96 
44 18 4 
74 78 75 
94 93 57 
1 74 46 
28 1 59 
55 69 3 
20 98 43 
69 71 50 
12 61 91 
38 1 46 
44 67 29 
0 20 34 
75 50 99 
75 3 0 
13 88 31 
73 29 66 
72 17 83 
40 74 89 
6 49 20 
29 44 14 
7 54 56 
31 90 0 
88 12 31 
16 91 70 
4 41 55 
76 91 70 
46 92 45 
65 82 97 
33 87 51 
50 52 97 
47 6 95 
92 81 60 
19 84 70 
6 51 91 
2 75 80 
7 94 80 
95 51 98 
94 16 60 
7 54 57 
21 70 19 
10 63 85 
6 93 86 
18 39 50 
58 54 43 
86 99 91 
89 98 97 
21 86 74 
48 40 78 
64 5 49 
85 87 8 
1 59 12 
13 14 37 
51 23 56 
8 87 88 
22 86 84 
56 65 65 
79 90 8 
15 56 32 
44 67 74 
66 41 63 
23 25 41 
2 96 74 
21 30 39 
42 77 86 
91 75 44 
8 17 18 
32 6 93 
61 13 8 
97 95 1 
32 45 97 
24 49 22 
18 37 32 
83 70 79 
14 65 62 
93 6 34 
22 92 92 
36 89 45 
57 10 32 
68 25 76 
3 13 26 
59 89 39 
67 50 39 
53 71 72 
26 1 80 
91 75 43 
67 98 4 
90 96 4 
40 93 87 
61 42 55 
75 28 31 
0 96 15 
14 15 30 
79 92 48 
21 41 82 
29 14 86 
32 54 19 
76 50 35 
80 98 29 
99 1 1 
35 19 45 
38 95 31 
62 13 77 
80 13 18 
40 75 77 
76 44 18 
11 88 29 
29 7 71 
97 42 27 
39 27 35 
34 23 5 
55 27 9 
16 54 45 
59 43 23 
30 27 93 
63 52 42 
96 91 84 
91 26 94 
35 19 4 
76 6 67 
61 12 79 
54 38 87 
99 78 54 
83 59 83 
89 66 88 
13 5 97 
79 55 28 
63 27 9 
44 72 38 
61 30 64 
20 14 22 
49 62 49 
24 62 39 
53 52 73 
49 2 30 
64 82 70 
13 14 58 
24 85 33 
69 67 91 
25 61 12 
97 71 82 
17 52 5 
19 42 70 
84 95 74 
75 43 40 
72 60 23 
42 15 55 
84 64 18 
29 54 79 
82 56 98 
99 49 2 
57 95 85 
83 58 66 
62 53 4 
15 54 92 
94 14 58 
8 82 28 
42 69 31 
83 26 58 
4 78 50 
17 19 76 
64 5 64 
11 30 50 
97 96 75 
15 93 82 
13 83 85 
77 23 70 
83 38 78 
61 76 47 
76 43 40 
42 68 18 
49 72 0 
65 34 68 
6 78 95 
30 78 27 
90 26 56 
47 16 21 
67 2 5 
6 85 18 
74 28 84 
69 96 68 
1 52 58 
32 0 1 
95 67 84 
30 39 23 
23 70 50 
87 10 7 
79 30 13 
35 80 11 
4 22 94 
71 0 4 
35 97 29 
55 17 42 
30 71 98 
71 95 66 
79 67 27 
77 50 96 
45 37 62 
16 63 62 
56 58 66 
78 95 59 
78 71 41 
97 62 67 
59 18 86 
91 35 49 
7 15 52 
55 18 8 
78 86 73 
25 8 24 
94 68 32 
47 85 79 
48 31 48 
39 12 67 
0 21 34 
89 29 71 
13 44 77 
0 1 77 
61 30 44 
38 83 87 
37 78 50 
10 70 73 
22 63 59 
97 62 38 
72 77 62 
37 81 90 
2 18 95 
23 65 93 
35 32 11 
28 1 74 
47 18 39 
4 5 24 
68 22 8 
16 75 56 
83 24 47 
22 50 20 
42 91 93 
50 52 28 
33 76 43 
13 10 50 
19 51 59 
69 92 63 
59 14 26 
80 17 93 
18 81 24 
25 45 47 
66 91 66 
84 79 87 
19 85 18 
83 46 14 
58 27 60 
26 95 74 
98 46 31 
4 91 62 
30 87 53 
83 1 6 
1 57 66 
22 48 36 
75 78 6 
17 26 35 
81 86 53 
91 50 45 
15 42 77 
11 41 61 
15 18 13 
56 33 86 
15 49 16 
53 84 38 
60 87 56 
65 53 55 
37 49 70 
69 11 36 
70 60 79 
56 22 72 
83 7 61 
1 28 87 
28 27 72 
20 57 67 
61 36 28 
48 31 13 
12 94 29 
73 38 38 
5 62 3 
52 24 75 
13 37 33 
61 28 18 
82 93 14 
23 81 26 
71 40 50 
42 15 20 
38 23 84 
85 69 33 
82 14 58 
80 13 11 
51 6 34 
75 98 39 
15 34 90 
85 59 67 
13 4 57 
35 50 57 
32 6 91 
95 7 70 
41 31 93 
93 30 58 
42 79 10 
38 61 97 
0 70 7 
27 14 80 
4 46 38 
97 70 71 
43 27 26 
96 49 56 
8 33 80 
66 58 54 
98 53 34 
46 69 22 
19 92 71 
58 91 97 
36 70 15 
80 91 50 
32 49 75 
54 19 75 
60 81 89 
96 54 20 
54 29 30 
28 50 7 
29 35 69 
10 74 52 
93 17 32 
51 90 95 
74 18 37 
81 81 76 
89 84 70 
51 4 68 
71 12 55 
13 48 63 
87 80 15 
35 32 88 
48 74 17 
96 87 65 
38 14 53 
94 82 60 
73 41 26 
50 50 80 
53 79 21 
56 40 32 
97 14 50 
3 50 36 
55 82 94 
3 84 9 
5 48 73 
48 20 42 
18 58 34 
9 92 5 
83 11 32 
58 0 42 
81 20 39 
13 84 18 
59 74 20 
58 86 74 
96 5 26 
53 47 58 
54 36 89 
82 35 64 
50 40 93 
90 43 28 
99 6 29 
17 12 80 
88 59 42 
96 12 86 
54 43 79 
42 71 42 
69 15 28 
26 75 74 
51 93 57 
39 15 91 
15 96 68 
81 62 66 
17 44 14 
88 42 89 
95 18 5 
53 62 47 
36 62 78 
96 91 55 
41 47 31 
86 0 31 
62 1 8 
44 82 7 
40 81 97 
63 79 59 
50 74 99 
49 91 52 
74 44 19 
68 39 23 
45 95 87 
69 52 89 
83 25 20 
15 34 26 
71 6 97 
55 83 15 
13 82 92 
20 3 66 
34 60 26 
6 4 42 
58 70 65 
32 40 74 
5 90 5 
84 58 91 
44 78 62 
14 36 63 
74 96 4 
8 25 38 
85 82 72 
40 47 65 
95 66 49 
80 86 92 
38 9 29 
73 93 2 
11 54 29 
39 84 95 
49 0 92 
11 68 93 
71 17 41 
1 89 66 
41 90 28 
84 81 36 
16 30 65 
88 7 5 
0 66 15 
16 39 85 
79 92 12 
95 78 19 
60 96 34 
18 38 72 
83 11 39 
40 4 85 
65 49 41 
91 88 63 
4 28 28 
73 29 62 
63 98 66 
78 37 4 
67 0 53 
88 76 10 
11 17 33 
14 76 49 
0 34 65 
17 32 11 
62 34 95 
9 70 98 
62 60 35 
79 51 64 
7 8 36 
60 31 6 
11 13 99 
37 56 61 
10 53 68 
73 21 25 
0 93 96 
58 83 50 
13 46 29 
88 14 95 
64 63 93 
39 51 89 
58 42 78 
90 66 43 
63 33 28 
18 40 42 
30 7 43 
39 60 73 
98 90 4 
90 20 15 
94 76 70 
6 74 70 
45 90 5 
83 32 9 
23 44 58 
5 57 17 
38 22 44 
40 70 53 
91 55 39 
2 27 54 
29 85 97 
97 56 61 
28 12 89 
13 51 43 
21 60 41 
83 41 53 
57 15 67 
1 44 57 
83 14 6 
58 94 22 
16 32 31 
75 72 31 
92 89 30 
91 49 40 
33 18 86 
80 13 22 
99 93 45 
92 85 48 
68 15 20 
25 11 64 
17 72 22 
82 15 35 
33 55 19 
92 85 87 
69 25 32 
17 16 91 
53 6 81 
57 78 67 
24 17 46 
60 2 7 
77 67 52 
50 58 34 
97 2 27 
23 71 71 
46 14 81 
10 34 62 
78 7 66 
38 77 59 
96 35 78 
8 75 49 
82 22 40 
94 3 78 
56 84 10 
78 84 10 
3 68 0 
71 83 46 
45 55 57 
44 90 19 
78 6 67 
36 24 8 
27 7 83 
60 84 11 
56 37 29 
99 94 75 
94 14 22 
0 91 9 
60 72 3 
78 13 28 
27 42 1 
16 56 45 
27 96 40 
60 63 11 
55 52 33 
86 14 42 
38 98 21 
26 58 37 
26 97 49 
89 7 32 
52 81 68 
55 56 73 
49 92 10 
51 4 10 
8 48 35 
21 36 76 
78 0 56 
86 67 47 
2 87 16 
96 84 45 
80 11 40 
44 96 29 
55 60 7 
23 5 39 
42 99 10 
83 37 67 
87 68 91 
4 84 26 
24 17 59 
70 84 98 
33 22 89 
45 21 92 
38 7 71 
67 5 45 
43 6 40 
10 13 7 
94 51 87 
54 28 79 
71 49 94 
51 60 69 
1 77 19 
84 94 80 
65 24 32 
50 88 35 
54 29 87 
29 84 92 
68 81 49 
47 75 20 
47 82 21 
89 6 54 
57 27 50 
16 2 65 
60 48 87 
20 86 65 
92 5 29 
68 63 85 
84 14 81 
1 33 50 
72 19 77 
82 0 51 
75 40 76 
66 65 20 
60 26 55 
68 46 67 
1 32 59 
86 34 72 
92 6 61 
14 77 85 
58 28 70 
1 88 49 
15 78 73 
19 13 61 
83 35 64 
6 66 8 
48 18 14 
70 35 10 
54 0 55 
66 41 79 
2 33 42 
0 97 48 
0 32 72 
27 81 90 
20 12 43 
79 18 35 
42 80 28 
90 49 68 
6 50 78 
26 47 84 
54 9 5 
75 91 57 
13 77 73 
50 15 90 
64 55 88 
73 73 52 
26 16 73 
69 42 27 
29 17 86 
12 12 97 
82 69 61 
31 90 22 
40 90 99 
87 62 20 
91 70 79 
75 79 53 
83 37 60 
1 25 10 
48 26 54 
13 59 49 
86 56 2 
92 61 57 
84 43 32 
89 18 65 
55 38 56 
29 15 34 
22 8 81 
12 39 5 
35 55 86 
54 71 6 
55 82 11 
6 88 52 
67 20 88 
47 72 42 
90 56 55 
35 35 61 
69 40 33 
24 23 52 
40 8 29 
58 33 87 
99 82 76 
34 17 55 
80 92 11 
97 25 23 
51 45 68 
91 88 0 
83 49 91 
22 70 28 
68 81 5 
86 25 3 
75 64 82 
37 51 35 
1 92 16 
64 47 95 
79 29 77 
47 13 7 
47 71 93 
6 59 49 
73 81 62 
47 6 94 
11 12 92 
42 49 75 
24 67 41 
6 22 27 
70 19 52 
11 2 3 
86 93 54 
24 81 91 
14 11 9 
63 72 38 
96 47 10 
92 14 67 
88 26 67 
44 13 17 
2 82 56 
70 87 23 
93 29 34 
4 53 98 
36 36 31 
78 57 45 
47 79 46 
46 86 64 
71 9 36 
0 36 70 
8 22 32 
96 31 54 
28 19 41 
45 43 30 
31 49 1 
66 12 79 
50 93 62 
30 29 3 
45 27 51 
13 62 61 
44 17 83 
8 56 23 
48 37 50 
30 44 44 
86 36 50 
48 44 74 
35 61 13 
45 73 31 
26 42 48 
85 77 22 
39 14 8 
60 61 0 
10 61 43 
49 92 23 
87 74 40 
87 1 14 
7 91 2 
40 10 69 
22 51 18 
24 90 36 
69 22 82 
71 49 67 
51 53 94 
77 9 3 
49 70 26 
79 56 27 
41 25 29 
60 63 36 
91 59 11 
48 79 47 
48 61 20 
77 62 24 
84 52 43 
42 1 29 
71 58 86 
91 34 28 
35 34 99 
49 87 13 
68 22 18 
48 29 71 
29 1 31 
66 3 87 
11 29 44 
89 4 74 
84 99 16 
22 77 89 
73 1 45 
18 98 40 
98 15 51 
39 1 37 
71 26 40 
96 66 96 
57 53 59 
77 8 70 
33 48 66 
1 16 89 
15 17 21 
73 66 13 
37 46 59 
33 55 62 
54 22 47 
64 39 79 
45 90 51 
35 4 95 
6 9 27 
39 7 17 
35 6 10 
84 8 76 
65 22 98 
93 3 42 
79 66 76 
27 38 9 
25 55 91 
70 28 79 
67 4 47 
5 70 72 
52 31 77 
75 46 25 
24 96 47 
42 69 48 
78 6 15 
73 4 71 
93 36 26 
31 37 26 
58 6 63 
58 68 44 
28 85 24 
90 48 33 
44 13 12 
4 86 98 
62 34 18 
80 73 3 
68 11 3 
47 63 75 
26 16 41 
50 21 85 
52 37 5 
89 92 43 
7 20 13 
17 29 11 
97 91 68 
63 76 41 
43 54 92 
14 40 9 
59 2 77 
35 83 94 
79 53 15 
16 26 15 
19 75 42 
97 93 28 
41 52 90 
83 22 82 
92 61 9 
43 74 91 
14 11 19 
71 43 46 
15 95 36 
18 65 4 
1 68 45 
53 48 19 
78 69 88 
64 55 24 
95 61 48 
60 77 95 
12 3 95 
51 32 59 
93 90 14 
63 99 68 
75 43 82 
48 46 11 
7 78 39 
43 6 74 
24 35 50 
51 95 36 
79 95 13 
99 3 65 
70 44 8 
73 49 57 
3 7 83 
68 3 79 
94 26 97 
5 13 24 
8 44 37 
21 46 39 
24 72 46 
52 85 74 
8 70 25 
45 16 24 
16 96 44 
57 57 79 
79 36 79 
69 30 6 
80 32 39 
88 37 6 
94 7 61 
22 25 4 
78 38 55 
29 23 40 
42 79 16 
37 74 38 
97 65 92 
68 98 6 
30 69 12 
38 0 15 
90 46 75 
53 71 45 
10 5 19 
55 2 7 
47 65 95 
59 74 56 
30 63 19 
48 20 21 
57 15 46 
68 54 98 
16 15 13 
72 80 31 
8 31 47 
88 51 82 
24 99 20 
5 79 75 
27 30 73 
80 66 89 
34 11 45 
46 74 1 
47 75 61 
42 93 28 
48 25 59 
46 97 46 
83 67 56 
87 19 22 
70 29 8 
4 17 76 
98 13 58 
87 13 10 
72 53 59 
2 93 48 
67 73 49 
96 27 96 
66 76 47 
42 29 19 
72 23 4 
31 42 55 
51 1 81 
13 46 49 
91 70 52 
8 54 58 
34 8 56 
62 24 38 
86 16 53 
74 68 77 
35 77 88 
24 97 62 
81 63 5 
23 52 38 
76 48 91 
57 23 61 
41 10 92 
54 16 32 
35 45 87 
15 33 20 
63 3 38 
78 40 6 
90 53 31 
64 46 74 
67 94 72 
2 92 34 
81 59 61 
84 95 80 
59 55 85 
3 96 9 
82 72 46 
72 8 44 
89 77 7 
0 0 67 
50 66 65 
35 32 48 
57 93 86 
99 2 22 
84 55 12 
5 43 71 
22 12 62 
78 52 6 
95 45 75 
86 92 79 
55 19 64 
27 76 4 
45 3 92 
51 2 76 
38 5 21 
75 97 53 
58 66 60 
50 82 98 
99 0 79 
9 18 17 
6 2 4 
3 3 64 
52 34 1 
84 45 34 
8 61 71 
44 16 93 
13 45 59 
46 82 80 
72 98 70 
23 14 76 
57 33 41 
57 45 62 
68 64 96 
26 95 72 
95 83 99 
60 29 32 
26 83 61 
34 85 95 
88 52 53 
37 78 73 
7 35 6 
64 22 73 
20 54 53 
85 16 82 
93 69 14 
6 35 1 
45 58 8 
62 58 60 
4 28 8 
38 93 59 
63 81 86 
7 57 10 
54 21 96 
85 6 24 
66 57 84 
70 95 34 
46 28 8 
60 35 2 
96 48 36 
56 27 34 
62 54 88 
91 79 8 
68 32 6 
30 85 62 
21 35 34 
60 7 52 
84 94 69 
92 3 95 
14 42 71 
32 83 73 
91 77 28 
71 97 32 
96 94 52 
58 61 43 
53 47 76 
55 99 10 
92 94 92 
60 94 35 
61 71 41 
28 45 8 
87 26 70 
18 13 54 
24 99 39 
13 23 8 
7 32 21 
50 35 73 
25 74 9 
43 21 45 
18 38 65 
44 6 52 
69 6 25 
50 16 99 
74 45 60 
15 85 46 
18 16 19 
30 51 77 
35 2 63 
22 42 22 
29 62 16 
42 84 44 
8 61 1 
73 14 96 
66 48 30 
13 26 74 
14 48 5 
56 13 51 
62 66 6 
26 88 51 
88 39 50 
16 80 88 
16 91 45 
72 41 79 
32 65 66 
85 80 39 
54 50 45 
40 32 44 
77 31 95 
81 1 32 
1 3 43 
38 98 95 
62 30 12 
7 16 98 
7 6 18 
99 58 23 
73 67 82 
70 2 20 
71 66 30 
26 85 61 
58 83 30 
70 27 74 
0 65 75 
80 49 40 
79 60 3 
99 90 35 
13 67 21 
33 40 12 
99 44 85 
20 91 49 
66 5 6 
32 20 14 
90 77 9 
56 20 32 
85 67 53 
72 82 14 
42 67 2 
92 67 28 
40 31 7 
44 77 61 
43 71 39 
53 60 37 
86 30 12 
75 70 86 
73 69 34 
48 0 4 
60 30 93 
73 93 10 
65 50 92 
99 37 91 
99 94 15 
98 75 29 
23 78 60 
36 0 50 
52 27 53 
9 71 42 
58 42 1 
15 75 39 
36 29 32 
13 80 60 
28 46 51 
92 55 15 
15 26 20 
71 97 11 
56 40 96 
2 36 47 
61 6 69 
77 29 17 
72 40 83 
0 97 42 
10 3 85 
63 26 26 
16 91 28 
9 90 52 
24 4 81 
67 13 21 
35 22 24 
44 98 33 
7 48 2 
89 76 85 
37 47 56 
91 56 12 
13 92 83 
79 81 40 
63 53 30 
55 4 96 
77 97 47 
36 22 87 
18 84 22 
57 86 23 
37 71 72 
25 57 84 
71 2 30 
84 67 17 
14 92 7 
59 77 98 
6 75 0 
67 10 50 
58 7 69 
86 15 99 
59 89 96 
76 35 20 
57 89 81 
68 16 10 
97 70 11 
34 93 88 
78 19 91 
38 4 15 
60 46 33 
48 9 80 
83 79 66 
99 46 52 
62 28 90 
58 20 87 
77 49 11 
16 95 36 
77 46 74 
92 52 57 
39 79 89 
97 58 7 
6 39 28 
29 53 77 
49 89 92 
23 53 9 
37 89 95 
55 18 7 
90 54 37 
21 61 74 
49 26 12 
93 25 97 
11 89 96 
3 10 70 
3 27 20 
82 10 3 
91 72 15 
31 71 52 
59 91 76 
8 75 35 
53 35 56 
19 88 41 
30 9 7 
66 55 85 
90 46 81 
21 40 53 
35 40 35 
82 91 82 
43 38 10 
58 54 36 
87 90 3 
18 98 34 
95 49 0 
93 88 7 
19 74 22 
66 5 27 
90 67 94 
80 82 30 
86 69 97 
53 70 63 
48 42 50 
71 5 82 
65 83 1 
40 63 34 
85 19 20 
48 19 93 
92 74 16 
90 95 1 
10 74 66 
76 80 28 
46 24 98 
37 91 40 
78 52 46 
71 98 39 
44 67 14 
12 94 7 
96 40 81 
66 6 91 
89 94 86 
47 86 1 
49 53 21 
33 37 79 
39 35 23 
85 79 93 
94 20 72 
43 19 16 
29 81 49 
30 82 41 
63 89 87 
94 77 51 
81 17 0 
30 3 0 
81 79 83 
35 94 49 
10 36 47 
92 32 6 
75 12 41 
8 42 0 
59 28 20 
44 30 83 
7 81 53 
89 4 13 
89 47 94 
91 92 30 
32 60 69 
68 5 24 
73 17 91 
60 13 89 
61 95 80 
86 81 23 
12 19 36 
99 64 94 
47 53 19 
64 62 68 
56 4 7 
30 54 57 
3 34 39 
71 19 57 
7 14 32 
99 12 43 
42 44 34 
91 73 84 
99 67 16 
58 21 0 
22 45 41 
18 61 13 
28 50 99 
99 3 41 
64 66 26 
71 97 74 
18 70 47 
51 58 9 
36 25 81 
37 14 71 
16 1 70 
17 54 53 
79 49 14 
30 90 80 
92 66 0 
85 83 61 
12 13 53 
50 61 4 
83 77 58 
87 75 92 
39 67 83 
51 4 94 
59 34 5 
25 38 93 
9 46 25 
29 92 35 
42 68 58 
65 86 8 
44 65 13 
84 94 41 
77 80 22 
35 29 4 
1 33 66 
22 23 4 
85 97 65 
57 98 88 
94 25 28 
96 38 74 
48 0 68 
99 67 17 
59 8 28 
93 18 61 
8 98 23 
6 41 46 
66 15 67 
22 85 38 
35 48 7 
47 94 73 
12 57 8 
54 64 47 
80 67 18 
3 30 11 
38 91 82 
52 28 80 
68 98 8 
51 13 35 
59 63 83 
16 42 23 
24 45 6 
18 48 1 
39 13 81 
79 99 89 
51 50 58 
61 21 60 
50 37 58 
66 30 3 
72 40 46 
21 98 34 
3 49 66 
58 1 63 
41 33 76 
42 47 27 
19 61 33 
5 76 15 
55 98 91 
54 3 1 
35 53 24 
15 28 3 
98 18 17 
89 10 63 
0 63 1 
16 53 61 
78 26 90 
69 47 32 
14 32 67 
82 5 69 
41 32 93 
73 68 72 
76 38 25 
69 44 34 
9 44 46 
94 18 16 
26 24 37 
64 22 17 
10 61 99 
35 31 41 
0 15 68 
13 79 42 
8 89 73 
51 2 50 
59 57 27 
27 65 30 
71 35 84 
99 91 3 
78 3 3 
68 17 37 
41 63 80 
24 81 57 
25 61 3 
99 53 27 
66 37 65 
45 55 92 
52 8 18 
19 17 53 
12 71 67 
51 52 85 
38 69 97 
3 47 10 
10 56 0 
40 15 36 
96 70 95 
12 42 17 
63 89 53 
95 62 22 
35 56 65 
77 49 46 
87 7 36 
86 38 46 
17 37 15 
95 67 87 
73 7 98 
49 92 37 
30 39 21 
98 66 47 
11 61 14 
55 42 60 
66 2 64 
83 11 2 
91 17 82 
23 32 38 
40 8 6 
89 41 91 
69 52 49 
71 47 8 
35 73 25 
89 36 74 
98 61 53 
7 74 53 
58 54 40 
25 9 15 
16 12 83 
18 60 15 
66 17 17 
79 87 33 
27 8 57 
23 61 94 
74 82 2 
65 14 14 
57 99 12 
59 2 76 
19 14 25 
60 60 30 
79 9 15 
96 69 6 
46 42 44 
54 81 96 
24 59 68 
60 61 87 
50 98 38 
14 90 54 
79 88 35 
50 60 49 
5 35 45 
61 67 50 
89 52 34 
55 25 34 
8 22 96 
28 57 37 
43 39 70 
92 45 82 
36 48 40 
11 25 91 
97 21 36 
61 50 24 
7 40 65 
90 10 74 
78 6 46 
11 58 73 
20 30 24 
26 76 29 
8 68 98 
46 2 18 
60 7 93 
0 31 39 
58 75 24 
86 71 40 
48 94 41 
69 18 46 
4 42 81 
31 86 34 
59 14 42 
24 61 35 
3 81 9 
31 50 41 
46 40 59 
74 12 72 
31 89 75 
36 46 94 
58 98 48 
85 72 77 
17 79 79 
11 1 3 
87 37 61 
74 68 17 
1 51 50 
22 73 28 
21 27 18 
54 22 54 
41 93 16 
48 94 14 
85 39 97 
3 2 98 
10 56 48 
12 12 25 
32 2 63 
91 20 21 
67 58 86 
42 76 87 
87 67 25 
80 26 24 
64 85 95 
73 26 19 
19 23 97 
94 86 46 
16 76 2 
78 90 32 
92 77 69 
12 41 47 
12 33 31 
80 36 28 
16 57 58 
11 83 16 
55 7 63 
67 82 83 
81 24 50 
20 60 82 
80 11 31 
32 85 69 
67 17 17 
49 79 80 
56 54 18 
39 5 50 
19 69 14 
58 14 85 
43 24 72 
96 68 62 
23 19 63 
8 48 5 
33 51 55 
29 57 87 
47 5 71 
12 88 60 
46 7 94 
4 64 4 
72 28 67 
39 6 63 
57 44 96 
5 77 27 
38 62 93 
86 12 27 
32 39 85 
10 32 86 
87 89 14 
24 2 31 
71 86 4 
56 87 31 
93 82 75 
38 48 24 
23 2 83 
59 65 34 
26 48 71 
65 38 98 
88 97 15 
17 97 41 
69 73 96 
32 66 84 
86 49 67 
92 37 3 
5 43 67 
87 82 59 
75 6 68 
81 33 13 
54 6 51 
50 0 23 
44 41 47 
67 78 77 
14 7 93 
10 47 95 
78 90 44 
79 25 59 
55 45 37 
61 56 73 
5 99 20 
60 4 1 
90 25 72 
51 71 14 
25 91 43 
48 17 40 
8 2 98 
60 38 23 
22 22 56 
49 88 1 
10 53 72 
22 97 85 
45 48 65 
3 88 91 
31 42 94 
44 32 58 
67 78 97 
62 21 92 
29 88 6 
33 30 83 
4 53 26 
66 71 34 
62 96 18 
91 57 23 
39 16 36 
72 53 34 
24 50 88 
12 9 75 
84 81 22 
61 39 40 
38 19 75 
48 42 79 
77 9 57 
11 97 55 
31 74 20 
10 2 82 
19 73 28 
50 67 10 
39 87 60 
26 57 77 
67 80 67 
13 90 83 
83 31 73 
1 49 29 
89 59 17 
91 40 77 
43 90 73 
21 77 5 
48 86 55 
36 9 83 
15 39 29 
54 73 88 
83 14 93 
86 82 53 
49 90 57 
78 22 18 
64 77 57 
79 93 20 
41 28 21 
37 23 31 
32 84 25 
58 40 87 
20 17 1 
79 62 85 
64 19 15 
90 16 4 
72 64 68 
58 39 1 
73 60 32 
22 2 41 
83 13 53 
27 68 3 
90 62 56 
94 82 78 
23 89 14 
11 78 15 
36 43 67 
79 34 26 
38 81 97 
23 67 22 
58 30 86 
7 72 60 
13 98 32 
75 75 55 
72 12 10 
98 31 32 
45 15 28 
56 45 56 
25 19 45 
78 33 87 
33 1 87 
43 14 44 
42 65 8 
96 90 33 
79 36 85 
77 27 12 
12 28 98 
16 70 47 
16 81 25 
50 93 35 
83 51 24 
93 73 52 
63 77 63 
77 73 42 
71 92 75 
23 8 34 
44 52 84 
1 39 34 
22 71 75 
79 79 94 
43 62 90 
4 68 71 
60 71 89 
33 32 3 
68 95 30 
23 15 50 
36 87 8 
7 9 43 
56 71 32 
55 67 29 
41 73 46 
6 35 29 
22 64 23 
60 14 25 
62 73 15 
16 58 46 
53 32 72 
16 6 10 
90 31 8 
27 81 32 
6 45 39 
36 37 28 
88 87 51 
76 28 64 
91 30 79 
68 73 67 
31 99 3 
42 87 23 
52 78 21 
85 68 26 
15 88 7 
64 30 71 
75 88 52 
84 54 33 
48 23 55 
2 11 98 
36 97 37 
81 51 99 
58 32 17 
93 78 77 
6 83 92 
54 55 44 
82 61 62 
61 7 41 
93 55 68 
31 99 43 
67 39 69 
19 66 87 
68 42 11 
93 63 78 
14 44 99 
9 61 2 
80 57 6 
2 64 62 
66 82 66 
48 63 56 
87 38 61 
8 9 91 
35 42 26 
17 38 94 
73 9 67 
59 97 27 
26 60 88 
3 21 52 
38 42 37 
56 20 48 
80 54 55 
69 93 97 
20 77 70 
17 27 34 
15 46 21 
74 23 23 
0 24 36 
69 6 68 
31 20 59 
57 36 50 
76 1 85 
51 20 19 
82 36 85 
41 26 21 
33 29 25 
62 55 24 
37 13 76 
81 32 80 
46 53 11 
12 99 96 
89 78 35 
86 80 52 
86 91 55 
94 27 68 
62 66 62 
53 49 15 
7 58 86 
9 22 6 
85 94 3 
40 62 31 
7 28 3 
68 88 11 
44 13 96 
66 37 27 
60 20 47 
7 43 26 
26 63 40 
36 89 87 
6 3 2 
15 38 82 
79 94 62 
87 90 76 
97 35 29 
10 97 6 
81 60 70 
16 6 74 
36 78 66 
12 21 88 
90 68 52 
46 56 25 
6 28 75 
80 89 37 
53 47 55 
32 61 53 
86 52 82 
2 95 2 
49 86 54 
53 12 93 
31 50 80 
28 30 71 
47 67 54 
63 66 1 
16 51 39 
72 67 92 
76 28 95 
91 38 33 
61 65 95 
98 0 36 
4 39 14 
80 4 63 
48 34 37 
16 18 73 
71 12 60 
19 34 20 
13 88 9 
4 33 34 
47 49 19 
0 4 56 
72 88 30 
22 18 4 
6 80 44 
98 10 75 
96 88 33 
96 77 15 
4 5 65 
2 98 9 
55 22 70 
93 70 31 
44 87 69 
77 13 73 
59 54 96 
83 4 30 
17 11 75 
19 56 72 
28 24 99 
6 95 3 
31 39 85 
64 4 33 
57 68 1 
20 5 14 
18 6 49 
60 22 20 
87 88 69 
95 29 10 
10 65 15 
37 25 0 
18 58 51 
32 56 72 
66 8 62 
47 62 5 
7 60 50 
8 49 55 
31 35 77 
11 34 11 
51 35 26 
69 6 20 
20 69 21 
39 83 26 
5 55 56 
49 58 10 
11 11 50 
94 51 11 
69 94 78 
79 31 21 
33 5 92 
53 68 52 
74 3 10 
5 45 39 
53 69 12 
35 97 37 
23 94 42 
12 71 10 
2 80 76 
82 41 87 
69 54 43 
68 27 73 
3 4 61 
41 50 62 
97 20 68 
20 12 15 
38 13 68 
43 48 99 
74 93 60 
39 82 11 
56 13 56 
98 73 11 
15 69 89 
60 80 56 
58 91 53 
19 10 88 
75 99 9 
94 55 62 
20 24 18 
38 93 43 
20 67 94 
13 99 74 
16 77 80 
66 12 78 
6 93 7 
25 68 23 
62 22 25 
24 32 0 
54 42 11 
56 36 69 
13 61 70 
6 10 84 
50 86 60 
35 38 71 
38 28 97 
74 53 84 
85 1 82 
61 43 66 
99 23 83 
26 61 36 
51 60 55 
57 5 29 
87 82 84 
29 96 87 
97 5 95 
94 88 69 
35 13 78 
57 6 49 
73 13 70 
52 60 67 
79 36 34 
38 13 99 
19 41 43 
97 56 30 
56 62 90 
93 13 17 
2 16 21 
28 77 98 
40 28 2 
59 38 39 
83 79 20 
44 52 64 
48 18 93 
63 10 70 
31 5 69 
86 89 33 
36 68 50 
78 3 75 
25 70 51 
99 14 74 
20 15 36 
89 54 78 
46 93 51 
47 24 69 
16 5 41 
11 77 81 
20 42 90 
77 2 6 
83 35 31 
56 69 15 
13 12 4 
6 23 56 
7 56 18 
9 12 40 
42 17 99 
3 11 89 
64 70 48 
17 69 16 
40 12 77 
2 55 90 
20 3 96 
17 3 39 
22 85 0 
50 70 33 
9 42 28 
49 0 32 
80 41 62 
2 25 83 
48 57 93 
53 79 63 
55 56 56 
42 5 13 
14 59 67 
80 72 70 
94 39 0 
91 66 18 
17 94 37 
6 37 75 
67 78 49 
20 95 83 
11 35 60 
79 70 74 
14 9 19 
35 73 53 
39 69 29 
82 86 88 
5 33 40 
8 27 29 
42 62 60 
63 92 53 
30 50 48 
99 57 15 
51 25 29 
39 89 43 
95 92 64 
37 65 53 
8 18 20 
98 12 88 
71 85 31 
4 88 69 
13 54 71 
57 14 4 
0 49 20 
88 34 66 
64 51 31 
10 91 85 
17 48 43 
6 51 44 
90 2 49 
12 45 29 
61 12 37 
69 21 24 
20 91 3 
45 10 30 
35 42 42 
35 29 70 
18 97 62 
1 64 79 
9 51 74 
18 28 77 
43 97 29 
92 58 37 
46 72 79 
25 86 50 
52 98 20 
25 7 24 
48 75 46 
7 31 29 
59 32 22 
7 60 63 
57 71 67 
99 30 88 
4 21 53 
72 15 1 
14 63 73 
25 54 92 
32 22 31 
64 5 31 
32 59 28 
74 90 98 
11 24 91 
69 20 30 
68 80 1 
9 84 85 
4 4 81 
6 27 67 
14 36 26 
53 58 78 
83 0 67 
12 5 99 
29 73 28 
86 98 7 
63 19 62 
37 86 69 
34 45 12 
97 23 0 
61 95 8 
12 14 52 
21 16 7 
77 48 35 
37 14 65 
27 9 95 
60 55 96 
10 11 64 
27 15 56 
71 27 45 
73 31 55 
86 36 71 
6 13 10 
51 97 69 
80 98 35 
71 79 36 
55 2 7 
20 41 55 
38 20 97 
16 7 67 
3 93 55 
21 96 82 
72 52 8 
20 71 65 
83 23 6 
71 32 8 
86 70 1 
27 35 76 
56 1 96 
87 27 57 
78 14 44 
92 31 12 
45 40 84 
62 83 93 
74 90 33 
6 10 69 
28 94 32 
79 71 40 
43 86 53 
49 69 46 
71 69 44 
20 20 98 
39 14 19 
30 99 44 
85 85 57 
54 63 24 
42 64 58 
17 35 43 
78 35 54 
19 72 82 
26 9 78 
61 99 45 
82 86 92 
24 50 72 
45 19 72 
81 49 74 
22 68 6 
63 6 19 
34 79 62 
64 13 50 
99 41 15 
54 50 97 
28 72 41 
74 92 0 
23 86 69 
88 79 50 
28 59 71 
11 42 7 
7 26 16 
23 55 71 
78 89 33 
78 55 70 
56 86 75 
59 57 19 
21 63 65 
95 60 76 
79 38 11 
37 84 96 
58 14 5 
26 13 85 
84 12 98 
89 52 68 
85 76 41 
93 12 58 
31 68 28 
73 24 65 
34 66 35 
34 52 50 
6 60 59 
36 12 50 
39 5 98 
63 22 23 
33 46 3 
92 6 95 
57 38 52 
50 10 25 
95 85 87 
8 42 81 
13 51 75 
76 97 41 
13 31 25 
19 35 91 
70 68 10 
13 40 89 
48 13 36 
67 56 26 
20 24 13 
72 66 79 
24 38 74 
24 57 61 
44 9 39 
64 67 75 
61 39 24 
69 95 89 
81 29 94 
12 68 56 
27 90 34 
9 87 64 
23 19 47 
94 26 64 
65 93 84 
3 54 31 
2 24 64 
3 45 33 
22 39 2 
26 44 47 
55 57 72 
4 13 2 
51 67 7 
12 87 64 
57 62 87 
36 12 14 
81 78 8 
50 84 62 
67 28 95 
75 8 30 
7 74 66 
67 80 8 
57 22 3 
1 39 90 
53 15 39 
69 25 22 
56 90 10 
79 26 34 
77 82 18 
29 6 1 
99 58 26 
10 37 59 
84 69 81 
55 37 73 
45 87 74 
39 81 21 
55 5 74 
38 98 69 
47 85 45 
28 1 76 
72 86 56 
62 37 48 
72 99 16 
43 66 34 
11 7 88 
33 33 23 
92 16 89 
0 88 58 
84 58 4 
21 42 94 
57 64 3 
48 48 51 
82 70 77 
71 56 0 
29 30 3 
19 35 94 
90 19 49 
34 3 34 
59 93 98 
3 29 18 
63 43 97 
7 69 56 
63 60 80 
44 79 11 
17 13 66 
27 77 80 
74 39 61 
57 85 69 
53 95 58 
11 47 44 
13 11 29 
85 89 86 
47 15 39 
48 72 6 
52 66 89 
88 95 72 
65 22 67 
81 86 62 
87 29 15 
57 27 45 
24 87 16 
20 29 85 
33 62 76 
51 49 55 
53 32 76 
98 93 12 
5 36 51 
59 14 31 
21 60 58 
78 65 62 
65 33 48 
35 80 30 
99 74 8 
40 54 10 
32 48 6 
13 6 67 
17 51 25 
20 56 30 
41 30 22 
24 41 79 
8 63 73 
86 65 79 
28 4 79 
86 14 59 
40 5 52 
48 8 57 
41 39 63 
41 56 3 
31 16 45 
98 10 29 
14 13 67 
36 23 79 
91 27 98 
87 34 63 
11 36 47 
41 8 60 
88 56 53 
66 61 21 
38 25 63 
57 12 28 
0 69 25 
48 30 68 
5 86 97 
4 61 69 
15 59 93 
12 27 76 
60 93 24 
16 7 93 
0 44 76 
43 35 77 
44 75 14 
57 45 2 
49 2 94 
57 32 97 
7 83 43 
23 31 35 
62 82 30 
93 92 93 
56 0 53 
70 63 74 
13 76 85 
11 98 94 
64 89 94 
46 0 82 
91 12 30 
67 41 17 
21 82 61 
0 96 69 
89 51 92 
95 98 87 
75 81 18 
72 55 22 
54 40 29 
92 1 68 
7 38 29 
17 86 46 
88 60 32 
43 45 21 
27 80 78 
98 76 36 
13 90 62 
14 94 8 
30 10 13 
66 13 48 
38 57 95 
30 48 91 
65 96 83 
3 29 7 
89 34 61 
39 76 99 
13 67 79 
30 71 2 
88 18 38 
56 64 18 
89 78 49 
39 74 69 
88 22 38 
34 58 11 
45 3 67 
38 53 95 
91 62 62 
83 66 48 
8 97 63 
72 22 54 
94 85 28 
67 38 86 
87 34 34 
35 3 61 
97 42 42 
5 77 2 
31 71 93 
90 92 48 
41 30 84 
70 33 85 
97 37 50 
43 94 0 
61 9 59 
22 20 78 
90 91 93 
76 33 14 
0 19 15 
51 35 86 
73 42 11 
46 5 0 
45 54 24 
71 11 42 
98 17 7 
94 29 94 
35 97 3 
55 87 2 
53 13 6 
11 24 14 
36 61 92 
58 17 74 
64 66 7 
80 29 4 
11 51 2 
40 91 67 
34 74 76 
82 21 55 
34 16 60 
78 35 33 
3 43 95 
7 69 8 
38 42 36 
27 50 30 
68 19 91 
42 34 76 
75 64 99 
99 0 38 
86 65 50 
56 66 42 
70 7 74 
85 81 85 
97 79 61 
51 36 25 
63 1 36 
33 38 63 
14 98 14 
18 7 28 
50 69 98 
76 50 88 
88 87 31 
91 63 75 
8 2 4 
0 7 45 
6 18 68 
14 37 22 
84 42 2 
26 31 56 
2 97 27 
42 82 14 
37 91 21 
75 47 96 
89 59 23 
18 84 32 
77 77 67 
67 62 36 
88 20 1 
44 37 82 
48 55 10 
89 31 49 
19 58 79 
25 62 88 
30 72 18 
85 65 49 
57 43 6 
66 61 7 
44 13 45 
99 8 92 
48 86 70 
95 74 41 
73 84 18 
80 99 3 
2 33 88 
83 61 14 
89 95 29 
31 24 87 
35 35 96 
30 77 14 
90 99 37 
52 21 41 
94 13 70 
24 63 25 
95 50 79 
71 41 76 
83 59 4 
89 5 94 
66 17 96 
6 73 13 
38 50 15 
64 92 24 
31 18 60 
41 94 40 
57 60 64 
32 11 67 
51 28 74 
61 8 78 
5 29 90 
12 45 33 
19 28 12 
88 47 22 
79 95 87 
7 28 79 
81 27 56 
26 22 74 
27 0 88 
42 1 35 
86 27 50 
73 38 5 
32 99 45 
32 54 25 
3 95 19 
3 4 31 
92 63 40 
71 99 56 
66 68 10 
62 75 70 
23 39 86 
96 21 61 
26 35 76 
64 86 17 
14 17 62 
30 43 88 
97 36 81 
47 47 34 
26 96 85 
57 13 39 
48 65 18 
21 31 52 
79 8 75 
33 75 37 
84 23 40 
23 12 55 
55 93 89 
57 34 11 
46 84 21 
8 30 80 
18 47 99 
67 24 70 
9 49 42 
99 97 62 
67 68 98 
82 97 31 
0 13 54 
15 92 88 
43 59 21 
86 30 49 
14 60 77 
11 83 53 
74 51 19 
24 99 80 
42 42 18 
6 18 38 
1 38 73 
80 34 1 
33 71 33 
92 3 23 
10 86 73 
79 51 93 
1 87 38 
24 6 17 
24 63 43 
98 27 75 
82 19 4 
51 88 84 
25 57 18 
3 21 97 
25 81 72 
11 79 80 
57 92 74 
68 55 21 
62 33 28 
45 17 17 
33 74 95 
40 39 80 
58 29 8 
76 12 11 
7 6 21 
93 89 66 
70 11 10 
77 80 82 
44 86 60 
49 4 44 
63 2 64 
71 97 68 
6 45 40 
74 50 37 
8 20 59 
25 85 8 
91 54 23 
97 12 10 
73 98 44 
8 91 99 
34 78 54 
88 4 83 
31 23 21 
18 88 34 
77 95 54 
38 57 25 
95 72 64 
96 38 11 
77 84 18 
50 5 16 
28 81 50 
6 82 74 
22 19 96 
37 33 60 
77 34 96 
83 63 25 
8 24 78 
69 30 64 
44 18 1 
88 15 53 
84 31 15 
99 23 14 
60 12 2 
7 27 59 
79 5 73 
4 56 78 
40 46 94 
71 40 81 
21 62 8 
92 85 74 
58 36 91 
89 15 62 
13 11 68 
3 96 85 
29 77 48 
54 32 95 
70 30 20 
0 52 8 
31 70 78 
7 91 10 
92 23 98 
69 37 59 
17 94 19 
87 10 26 
19 89 85 
76 95 15 
77 24 90 
20 80 73 
5 94 11 
53 86 82 
33 34 49 
51 7 86 
79 36 14 
47 66 76 
71 0 23 
87 69 76 
58 65 99 
25 16 97 
26 96 59 
64 67 2 
48 40 17 
95 76 22 
17 57 69 
63 87 95 
81 92 19 
98 93 61 
81 68 8 
35 27 27 
83 13 52 
86 13 1 
19 45 14 
24 78 62 
63 53 81 
2 50 86 
44 73 50 
97 33 77 
64 80 34 
13 95 99 
38 84 50 
34 67 60 
64 32 14 
7 0 34 
98 0 3 
67 6 29 
52 71 8 
49 14 96 
61 57 90 
63 2 13 
37 73 29 
16 39 16 
82 81 46 
7 32 63 
43 46 40 
45 53 27 
27 44 69 
28 90 9 
90 4 81 
63 60 47 
33 71 57 
25 78 14 
42 67 91 
15 83 5 
41 10 29 
99 28 91 
95 44 33 
25 71 44 
76 57 25 
61 34 68 
38 81 77 
12 91 74 
33 6 85 
46 52 39 
91 18 12 
95 40 30 
41 38 3 
43 11 49 
20 20 25 
81 33 89 
71 59 0 
74 53 68 
15 77 90 
1 20 9 
18 32 38 
56 86 37 
60 33 30 
20 93 38 
26 13 63 
63 86 86 
85 85 92 
44 93 49 
9 43 28 
31 15 57 
17 45 29 
37 0 68 
62 37 73 
41 99 24 
22 75 46 
12 58 97 
14 3 72 
61 10 27 
3 71 47 
79 9 26 
54 55 63 
28 96 75 
39 27 60 
15 10 68 
44 52 57 
66 83 98 
54 11 34 
94 3 96 
70 76 35 
86 28 90 
51 71 37 
17 8 26 
57 39 14 
29 32 44 
97 87 7 
75 46 21 
91 33 44 
14 15 16 
59 46 41 
45 89 51 
43 38 14 
89 80 72 
6 60 19 
15 70 89 
33 99 23 
82 54 11 
29 64 42 
32 93 88 
68 27 61 
21 38 51 
64 43 39 
38 43 60 
49 49 76 
89 82 36 
60 18 26 
23 6 97 
56 19 65 
93 5 50 
91 69 46 
37 98 9 
4 74 86 
14 9 53 
46 1 53 
52 85 60 
25 4 56 
1 67 85 
99 51 68 
71 7 94 
25 12 16 
42 74 87 
66 14 40 
73 45 24 
13 54 65 
83 95 90 
81 75 73 
4 40 23 
35 42 49 
9 31 72 
97 65 29 
0 48 96 
59 85 60 
20 39 87 
88 66 84 
12 80 96 
75 54 80 
70 72 45 
14 9 92 
77 80 25 
52 28 95 
20 55 8 
28 57 17 
73 92 38 
85 49 15 
10 76 60 
76 34 72 
1 62 70 
84 84 37 
5 12 9 
46 18 22 
51 55 43 
71 32 78 
19 43 3 
0 59 70 
19 80 7 
35 12 52 
50 53 89 
59 86 21 
25 14 38 
45 35 35 
50 87 1 
29 27 0 
58 75 32 
48 95 6 
83 27 5 
96 76 13 
92 9 34 
57 39 28 
27 20 65 
92 90 35 
85 43 85 
83 26 57 
85 75 27 
12 44 32 
52 65 77 
45 67 14 
24 82 18 
75 6 69 
73 70 33 
98 27 84 
8 3 93 
40 20 60 
68 1 17 
72 83 58 
75 62 89 
36 52 86 
29 75 68 
29 84 33 
49 54 61 
38 14 84 
88 48 89 
89 34 71 
18 22 59 
22 85 21 
17 26 47 
85 6 88 
15 97 74 
73 92 61 
37 99 88 
26 54 94 
17 96 24 
95 35 44 
47 97 32 
84 94 58 
23 8 71 
30 42 49 
50 30 53 
35 23 66 
8 87 82 
53 53 28 
78 68 43 
6 54 45 
58 15 62 
35 6 14 
86 18 70 
63 41 37 
16 69 65 
51 32 53 
91 99 79 
18 21 29 
82 10 11 
59 94 42 
12 68 27 
93 58 82 
55 18 75 
22 28 89 
88 22 11 
93 67 42 
42 68 8 
94 22 80 
12 28 37 
36 99 30 
7 96 90 
78 66 49 
94 72 39 
29 60 85 
23 47 31 
52 11 26 
69 37 76 
98 46 78 
44 42 12 
55 42 78 
8 78 80 
37 18 58 
55 81 30 
12 89 49 
71 66 97 
56 46 81 
68 65 30 
12 38 22 
89 24 74 
77 99 54 
77 0 88 
76 42 19 
53 84 93 
58 34 33 
19 52 99 
51 75 95 
41 24 84 
32 26 85 
96 91 76 
43 24 18 
20 84 17 
87 62 25 
83 53 61 
62 99 95 
21 15 26 
13 27 65 
1 62 58 
43 42 80 
75 62 61 
69 3 33 
69 72 99 
63 59 89 
16 76 37 
97 79 40 
55 45 5 
77 42 87 
10 48 15 
22 98 45 
85 14 94 
56 21 83 
83 60 7 
72 21 30 
5 15 33 
90 53 21 
97 24 46 
18 25 3 
29 77 67 
16 83 77 
49 84 89 
65 9 42 
72 71 66 
23 30 32 
78 48 92 
30 93 8 
33 74 65 
8 30 27 
28 88 8 
2 92 5 
62 14 18 
55 96 93 
24 36 40 
15 22 13 
80 44 63 
24 50 3 
55 64 25 
72 9 97 
66 46 62 
67 39 35 
76 61 32 
93 85 6 
35 51 63 
29 24 24 
12 57 96 
85 81 26 
27 42 71 
28 1 52 
22 7 46 
28 60 58 
44 38 22 
10 2 42 
87 63 4 
94 12 60 
86 84 41 
36 71 26 
91 27 65 
6 9 93 
48 70 64 
67 83 40 
51 91 71 
28 70 18 
47 88 40 
65 27 8 
60 16 1 
23 83 11 
75 35 24 
81 35 35 
85 81 35 
78 44 50 
41 42 99 
33 66 13 
95 43 60 
92 27 28 
27 89 89 
89 19 35 
66 24 20 
93 54 67 
13 98 62 
0 28 90 
99 29 43 
50 9 80 
22 49 25 
37 49 28 
26 73 99 
98 97 31 
19 23 56 
83 57 45 
12 8 75 
14 62 50 
0 23 92 
97 90 11 
16 92 92 
28 59 71 
36 33 96 
54 55 35 
44 91 49 
8 23 83 
53 15 3 
53 56 38 
52 28 63 
35 47 59 
9 83 35 
51 51 62 
30 18 18 
44 97 63 
99 57 31 
14 69 59 
61 73 68 
87 52 6 
1 97 93 
44 35 44 
25 92 85 
84 88 97 
56 40 84 
69 51 81 
0 27 98 
24 0 75 
68 18 3 
14 7 41 
40 6 23 
0 73 41 
83 42 17 
72 59 8 
86 86 99 
30 49 95 
24 29 78 
34 47 63 
89 15 82 
11 41 84 
78 82 1 
96 72 23 
40 14 35 
90 6 55 
71 68 20 
5 10 21 
43 25 43 
46 36 91 
45 25 24 
54 9 64 
82 56 31 
25 22 88 
78 99 33 
44 73 23 
42 39 23 
22 52 1 
12 16 81 
43 22 42 
77 95 22 
75 91 27 
14 61 61 
48 54 33 
14 85 89 
82 44 95 
67 16 19 
50 82 18 
96 80 95 
40 17 79 
95 86 37 
31 6 16 
16 82 46 
44 60 28 
1 99 60 
30 25 89 
21 32 52 
41 40 0 
42 81 48 
18 40 94 
80 15 67 
82 14 36 
21 40 66 
27 81 12 
75 29 22 
67 21 88 
59 75 31 
5 0 9 
82 9 28 
37 78 44 
13 39 0 
45 18 55 
12 96 18 
35 88 42 
17 64 50 
51 35 36 
95 85 26 
85 8 73 
74 81 98 
26 17 15 
25 19 56 
53 17 64 
86 55 55 
27 26 9 
28 25 69 
97 2 92 
20 31 13 
86 96 69 
16 11 26 
99 18 42 
88 93 15 
3 44 31 
95 44 88 
20 8 45 
57 14 77 
65 51 60 
9 80 22 
10 93 69 
84 92 94 
37 48 63 
71 37 57 
55 90 58 
8 64 89 
69 40 63 
42 36 71 
87 65 6 
60 39 28 
54 84 88 
49 18 71 
40 67 57 
28 11 73 
17 3 40 
63 49 94 
92 42 95 
37 6 78 
0 28 83 
92 69 86 
77 25 63 
3 78 24 
58 42 56 
13 34 78 
65 92 92 
44 14 41 
48 89 44 
11 60 95 
60 9 12 
89 40 40 
27 46 37 
2 23 72 
99 8 95 
17 3 50 
30 90 70 
32 24 43 
47 64 59 
76 36 51 
63 37 9 
72 70 97 
16 98 97 
83 63 87 
44 9 19 
86 16 55 
19 34 7 
49 57 38 
92 37 77 
70 20 23 
92 3 47 
80 11 20 
57 81 49 
8 55 30 
45 50 6 
71 45 40 
8 77 81 
55 76 28 
48 25 11 
39 76 53 
96 41 6 
53 69 98 
57 67 18 
5 55 2 
42 63 25 
2 62 57 
42 22 20 
58 94 10 
4 65 0 
17 73 71 
52 61 51 
13 34 99 
62 56 38 
97 19 45 
33 67 27 
93 27 75 
78 65 86 
81 69 16 
82 53 2 
4 83 66 
29 4 19 
14 0 97 
43 64 0 
3 52 47 
5 14 56 
11 65 23 
68 93 58 
76 96 52 
22 39 61 
74 66 4 
5 90 76 
27 47 80 
62 71 51 
20 84 27 
97 19 68 
48 33 42 
31 47 4 
27 50 87 
5 31 9 
23 42 4 
45 25 77 
64 75 62 
96 64 61 
14 21 51 
58 43 74 
47 35 25 
44 74 0 
74 20 43 
21 69 8 
74 79 99 
16 95 11 
28 28 20 
17 18 72 
89 6 32 
44 30 84 
64 21 56 
37 42 69 
84 62 0 
73 18 1 
97 56 25 
34 50 47 
76 34 49 
24 12 64 
66 68 62 
63 37 23 
93 47 62 
74 81 80 
21 50 96 
63 49 96 
10 67 8 
4 80 38 
24 72 38 
26 28 77 
0 29 55 
53 60 75 
7 40 79 
30 74 5 
62 42 89 
18 45 58 
3 13 94 
75 35 63 
99 5 97 
76 99 49 
6 2 72 
62 39 71 
89 5 36 
24 11 17 
25 77 16 
46 74 20 
75 44 45 
77 76 74 
90 33 30 
39 84 56 
6 44 97 
84 58 81 
18 55 67 
98 48 63 
99 43 67 
29 2 88 
81 82 17 
45 70 21 
22 28 70 
38 5 70 
56 77 5 
10 26 10 
12 92 27 
84 97 28 
18 70 20 
20 43 19 
58 80 23 
48 34 32 
50 63 13 
5 34 32 
46 70 30 
92 28 18 
25 56 87 
10 75 92 
93 94 93 
0 19 89 
18 97 70 
34 49 2 
49 89 40 
51 43 11 
78 11 35 
27 52 9 
57 5 55 
60 66 64 
38 27 41 
76 55 71 
18 84 96 
52 64 0 
71 45 33 
87 98 68 
64 17 79 
13 87 31 
5 21 24 
30 85 72 
87 74 19 
35 34 15 
82 25 60 
52 39 46 
67 47 78 
65 69 90 
29 45 65 
7 9 92 
55 89 34 
40 80 70 
27 17 13 
93 23 26 
44 74 15 
2 80 14 
63 5 38 
9 86 13 
23 72 18 
62 56 72 
14 91 0 
70 64 18 
2 66 68 
64 98 65 
52 85 75 
34 31 40 
61 92 20 
19 75 47 
45 47 40 
47 80 91 
31 31 35 
56 29 64 
41 9 67 
70 77 93 
90 54 22 
57 42 32 
25 15 76 
99 83 51 
17 12 18 
17 28 54 
26 26 43 
35 29 13 
54 61 37 
93 55 88 
68 85 13 
34 79 24 
5 71 31 
71 10 4 
78 44 84 
85 37 7 
33 36 37 
38 39 48 
46 12 53 
52 29 40 
34 24 38 
81 64 95 
99 7 73 
59 72 37 
65 44 47 
2 71 91 
92 68 93 
50 17 82 
58 76 66 
15 95 99 
65 73 47 
19 83 36 
28 82 48 
69 38 44 
77 25 20 
64 96 97 
7 12 39 
91 8 4 
75 51 37 
57 85 65 
88 40 26 
4 95 9 
62 40 90 
18 18 52 
76 77 85 
25 64 71 
54 89 70 
37 79 33 
36 80 56 
6 36 73 
96 20 35 
41 66 70 
20 46 37 
64 3 12 
80 23 29 
4 42 91 
22 89 69 
15 54 40 
43 11 0 
49 83 72 
39 98 73 
24 73 64 
74 17 21 
54 29 85 
40 58 59 
79 40 6 
91 83 36 
34 87 96 
50 9 32 
4 88 56 
17 35 19 
38 52 0 
47 27 18 
91 72 32 
52 12 96 
14 7 54 
12 30 19 
56 74 27 
51 2 31 
60 84 42 
16 8 17 
94 0 12 
6 42 63 
56 68 81 
36 54 5 
75 86 33 
68 91 42 
19 24 11 
59 29 63 
72 14 89 
2 9 47 
65 80 57 
94 22 33 
51 78 80 
50 29 81 
33 47 64 
2 74 24 
28 67 13 
69 74 3 
46 16 77 
11 43 19 
61 91 41 
61 17 83 
78 59 21 
58 11 75 
56 87 92 
89 58 21 
70 8 4 
30 99 12 
68 25 18 
71 79 39 
95 42 84 
70 2 85 
63 72 61 
31 45 79 
71 80 85 
5 50 58 
65 55 37 
35 38 80 
17 76 34 
53 63 32 
84 7 80 
69 12 0 
94 32 33 
83 43 62 
45 95 28 
34 23 23 
1 61 46 
52 0 76 
34 18 4 
92 91 80 
52 15 26 
28 44 20 
27 95 24 
75 9 56 
71 70 16 
29 63 28 
91 80 16 
11 13 93 
73 88 97 
74 78 74 
3 56 19 
80 20 7 
5 10 68 
20 35 82 
81 73 70 
25 87 0 
37 55 67 
32 32 50 
15 42 63 
86 49 85 
86 81 81 
98 34 4 
11 85 75 
82 37 64 
79 29 35 
71 59 50 
20 2 60 
88 64 35 
78 73 60 
70 3 52 
70 2 38 
82 49 64 
19 59 10 
60 20 90 
68 77 14 
68 9 43 
33 48 78 
21 30 77 
32 48 20 
86 60 10 
92 32 69 
84 62 0 
55 8 6 
27 3 0 
64 85 43 
67 78 59 
79 41 88 
90 39 46 
18 15 88 
54 31 52 
31 58 3 
22 86 52 
71 95 46 
1 85 80 
39 35 69 
10 70 46 
43 59 34 
35 59 68 
28 89 70 
46 98 18 
18 72 73 
18 2 64 
4 64 96 
66 47 38 
36 35 92 
8 0 9 
6 20 99 
0 74 23 
52 85 34 
88 6 43 
19 77 7 
96 65 15 
5 12 55 
77 37 11 
51 80 99 
45 90 61 
74 77 34 
76 98 79 
61 92 34 
3 53 34 
3 22 25 
29 22 30 
43 56 42 
16 41 47 
71 66 25 
81 95 52 
91 87 6 
35 88 84 
55 48 70 
12 99 38 
35 5 97 
58 9 97 
43 65 36 
91 24 21 
8 85 47 
89 15 32 
82 65 88 
41 78 94 
85 25 43 
42 47 50 
76 37 93 
5 38 40 
44 29 49 
7 90 9 
75 37 52 
13 33 70 
41 92 46 
32 70 37 
91 29 31 
14 81 62 
65 96 52 
5 19 44 
82 57 81 
1 48 95 
53 16 78 
43 86 5 
75 43 43 
27 32 84 
25 88 14 
32 75 14 
23 62 40 
77 14 94 
95 25 70 
83 64 93 
21 94 25 
74 57 73 
81 20 20 
5 68 19 
3 91 85 
15 33 69 
96 36 35 
7 59 25 
78 14 84 
22 0 41 
77 34 84 
73 85 23 
83 21 15 
33 22 60 
47 91 34 
29 23 32 
30 73 61 
88 73 78 
36 0 28 
58 61 0 
80 88 71 
55 95 64 
75 57 7 
95 16 40 
50 80 6 
26 73 18 
63 84 61 
32 50 4 
85 3 42 
89 6 88 
62 63 4 
1 69 9 
34 46 19 
6 25 69 
77 13 63 
9 0 24 
4 19 93 
66 61 58 
21 4 29 
66 20 29 
51 59 51 
41 80 96 
78 52 66 
86 80 39 
84 34 75 
20 6 97 
22 95 9 
90 81 47 
99 62 5 
49 50 97 
47 70 16 
38 65 38 
69 32 87 
92 26 13 
12 29 16 
1 67 2 
65 23 62 
85 59 30 
13 47 9 
71 46 38 
10 38 17 
55 75 4 
85 62 59 
76 12 17 
40 22 85 
23 99 33 
13 3 40 
85 70 98 
13 88 81 
89 92 64 
1 62 27 
78 21 60 
42 20 65 
21 83 86 
99 12 27 
28 29 76 
87 71 88 
60 1 71 
75 84 53 
62 13 20 
26 84 89 
77 3 36 
95 69 71 
48 63 86 
24 85 62 
74 36 53 
19 55 59 
27 3 69 
2 76 63 
31 77 25 
43 55 24 
45 72 41 
36 48 75 
20 73 58 
22 68 85 
52 32 37 
62 78 88 
0 73 38 
11 79 83 
74 84 6 
54 5 62 
49 38 53 
89 42 49 
19 83 4 
80 93 79 
3 95 50 
47 50 74 
92 62 6 
69 97 0 
88 39 21 
39 22 88 
51 96 62 
27 49 18 
56 27 81 
47 45 48 
31 35 66 
63 15 78 
30 58 77 
81 1 36 
14 21 31 
11 1 20 
23 99 96 
88 85 57 
71 13 57 
89 79 48 
17 54 50 
88 51 28 
32 84 20 
2 36 19 
51 76 63 
8 86 46 
72 11 52 
49 61 5 
13 25 91 
4 82 80 
14 2 37 
20 34 7 
97 28 58 
52 88 85 
37 17 11 
43 53 81 
1 28 53 
26 88 46 
91 2 30 
60 62 38 
29 26 79 
5 98 24 
18 96 12 
73 2 83 
17 92 91 
63 27 20 
18 12 2 
82 19 29 
92 85 47 
28 17 34 
32 97 70 
51 24 94 
58 42 17 
7 3 26 
19 30 48 
95 32 11 
74 2 41 
59 81 10 
88 28 5 
26 19 10 
60 58 6 
68 17 75 
38 99 89 
46 77 58 
89 86 85 
13 92 42 
19 80 79 
24 92 53 
39 21 46 
82 8 19 
47 19 63 
73 2 56 
78 35 26 
48 43 34 
18 88 46 
40 76 65 
84 32 25 
16 84 1 
39 89 75 
24 39 99 
7 65 18 
2 91 77 
80 72 7 
45 33 16 
0 53 46 
55 96 41 
90 57 46 
17 46 69 
28 24 40 
94 84 48 
1 82 79 
2 67 66 
79 62 73 
37 43 27 
25 86 54 
51 56 4 
56 19 21 
20 94 74 
36 83 54 
11 65 30 
98 54 95 
68 69 80 
63 85 98 
49 30 47 
25 13 21 
37 48 43 
6 91 32 
42 22 65 
59 98 26 
96 29 6 
99 78 31 
95 43 16 
8 37 12 
29 13 52 
44 74 65 
64 6 80 
2 87 4 
7 41 41 
20 89 55 
7 44 6 
42 21 14 
24 82 95 
18 7 18 
65 13 21 
50 77 12 
61 84 75 
88 85 63 
55 21 85 
56 43 72 
21 59 90 
56 40 33 
68 5 99 
34 2 63 
46 56 58 
32 67 97 
31 69 84 
91 15 33 
93 90 69 
33 57 76 
94 33 3 
79 8 97 
73 23 18 
64 1 35 
80 95 50 
1 53 19 
67 13 86 
26 38 7 
15 17 33 
1 46 26 
73 33 29 
20 17 80 
4 37 67 
20 45 49 
93 22 98 
42 57 14 
55 18 96 
79 32 41 
49 82 98 
27 70 83 
55 90 31 
24 85 57 
7 34 43 
15 89 46 
17 16 21 
41 35 16 
12 29 59 
74 83 63 
37 92 54 
36 74 93 
73 78 36 
90 25 38 
21 13 42 
98 25 47 
67 98 71 
45 54 93 
94 69 32 
81 49 19 
59 1 34 
57 59 43 
17 29 56 
55 42 8 
52 38 26 
5 86 9 
67 60 47 
65 93 73 
51 10 39 
57 1 53 
72 80 95 
80 63 68 
8 98 40 
54 17 85 
33 20 45 
40 75 70 
86 26 4 
35 49 46 
78 93 57 
47 43 1 
46 30 7 
52 35 67 
24 86 31 
43 74 53 
8 63 30 
63 78 15 
51 71 59 
37 40 57 
17 54 16 
54 27 99 
36 9 73 
48 88 99 
96 46 29 
65 2 9 
52 64 23 
49 83 8 
6 29 2 
55 26 40 
29 57 79 
89 11 84 
75 59 74 
98 9 9 
78 63 85 
60 15 22 
48 32 40 
93 38 36 
66 90 6 
20 66 40 
35 8 44 
91 64 77 
68 51 35 
43 40 20 
79 88 85 
56 48 9 
60 6 1 
28 8 96 
72 47 99 
48 71 62 
24 84 28 
10 53 74 
59 19 3 
70 25 24 
34 99 47 
14 80 62 
41 20 45 
25 78 26 
26 17 44 
36 5 31 
58 20 89 
91 82 3 
72 95 56 
82 65 93 
86 24 40 
5 26 5 
68 93 96 
84 29 84 
45 29 92 
84 97 49 
73 35 10 
33 88 54 
16 81 51 
60 60 32 
15 22 10 
84 23 16 
52 1 39 
80 99 24 
56 63 13 
30 90 12 
1 86 35 
82 6 9 
9 8 83 
62 28 13 
62 93 62 
27 10 42 
0 21 53 
10 85 95 
22 69 6 
35 37 83 
11 73 0 
11 75 11 
26 39 16 
36 56 76 
70 77 91 
92 86 38 
81 54 71 
84 97 60 
9 25 18 
62 47 78 
40 35 32 
2 90 67 
52 3 19 
82 56 87 
36 88 80 
53 55 81 
51 66 36 
10 11 39 
10 91 41 
21 80 70 
52 36 19 
66 79 95 
46 78 81 
93 66 19 
57 71 39 
76 59 52 
7 79 68 
19 27 62 
34 42 12 
35 22 76 
84 52 79 
79 47 19 
57 12 69 
8 16 71 
36 69 27 
23 2 71 
71 48 30 
15 12 81 
2 63 96 
12 79 91 
82 65 32 
54 30 50 
25 90 82 
69 16 76 
90 51 76 
36 63 50 
43 38 30 
59 56 58 
34 31 62 
43 8 92 
16 75 97 
57 95 6 
23 97 19 
46 71 15 
33 93 99 
82 89 47 
13 29 70 
62 23 73 
15 57 56 
28 45 50 
83 76 17 
19 42 30 
33 56 25 
34 53 79 
95 30 9 
45 1 63 
43 9 82 
65 87 26 
6 90 19 
49 35 44 
39 6 76 
1 51 50 
78 7 27 
89 63 66 
98 7 95 
73 5 60 
81 56 83 
46 41 0 
21 41 87 
32 61 83 
85 1 47 
36 65 1 
75 11 2 
95 68 11 
20 3 80 
57 48 59 
9 17 5 
1 75 96 
81 78 65 
0 46 28 
19 37 18 
70 87 10 
36 78 13 
65 52 0 
52 15 81 
41 85 99 
70 82 27 
47 98 26 
73 77 20 
87 77 49 
80 72 78 
31 81 32 
21 39 25 
53 31 47 
92 9 28 
51 78 15 
57 43 93 
9 90 82 
21 33 39 
6 94 69 
54 4 21 
33 29 80 
46 37 27 
64 82 84 
12 30 0 
36 98 35 
94 72 5 
58 63 25 
24 18 97 
95 89 93 
86 20 85 
56 28 70 
49 22 99 
84 43 60 
81 1 51 
3 41 98 
18 32 78 
23 0 90 
67 83 43 
72 77 13 
85 39 85 
88 28 49 
47 41 27 
71 94 71 
48 48 69 
48 41 6 
42 66 93 
58 41 38 
41 43 83 
55 29 1 
36 58 44 
56 84 71 
5 49 49 
92 95 52 
89 8 15 
27 86 64 
94 55 75 
40 95 74 
76 99 36 
69 95 99 
47 86 25 
11 32 91 
61 52 68 
11 38 38 
27 48 84 
4 2 83 
6 38 29 
98 15 55 
10 69 85 
68 82 38 
87 78 68 
45 59 97 
9 34 21 
93 38 56 
45 50 65 
13 86 59 
41 97 28 
30 26 76 
42 41 3 
28 66 32 
19 67 17 
81 14 85 
54 92 21 
71 20 5 
56 85 56 
73 94 33 
8 43 47 
10 52 21 
49 57 50 
77 34 26 
2 59 92 
77 88 52 
58 14 31 
47 41 5 
72 56 33 
90 21 88 
31 71 33 
79 37 27 
65 24 44 
49 69 81 
3 49 59 
29 30 23 
82 32 64 
32 58 35 
7 65 33 
20 54 5 
16 90 2 
27 61 31 
11 83 50 
95 70 8 
53 26 21 
23 56 94 
55 31 52 
59 68 59 
79 38 9 
50 40 36 
61 77 1 
20 74 77 
75 64 10 
71 63 90 
47 41 73 
11 58 99 
95 79 89 
11 70 84 
47 7 42 
38 38 91 
23 72 25 
92 73 4 
57 5 41 
74 19 61 
40 36 5 
69 1 38 
11 24 23 
48 9 85 
33 11 93 
64 38 37 
72 73 53 
90 45 49 
78 91 94 
80 12 77 
1 60 93 
56 92 44 
86 44 67 
26 46 18 
84 71 50 
10 42 64 
66 6 48 
11 46 70 
20 15 33 
68 25 64 
37 25 86 
70 20 43 
41 92 8 
30 92 2 
94 18 88 
51 85 91 
82 37 98 
33 77 33 
61 26 89 
70 23 0 
8 82 88 
26 54 45 
62 22 60 
23 1 59 
79 14 60 
1 69 18 
50 64 18 
56 6 63 
64 28 52 
83 34 8 
33 20 86 
32 96 1 
94 0 93 
36 83 70 
0 29 46 
65 6 5 
35 10 34 
39 58 66 
81 93 79 
63 54 11 
92 86 45 
48 58 59 
79 93 79 
5 81 35 
26 91 19 
14 3 2 
50 77 32 
30 68 57 
26 45 73 
93 81 12 
11 31 94 
65 87 28 
28 19 10 
27 90 44 
50 20 92 
91 55 3 
15 88 2 
45 27 3 
75 12 7 
28 51 31 
47 51 91 
64 23 2 
16 24 24 
21 92 75 
47 84 22 
76 57 92 
98 72 71 
79 98 76 
60 30 79 
82 99 88 
23 46 8 
29 78 56 
52 20 12 
45 14 95 
98 32 67 
4 90 97 
68 96 73 
5 18 9 
81 36 3 
29 34 73 
69 23 99 
85 21 65 
15 95 29 
89 3 27 
44 75 42 
48 53 74 
2 3 88 
22 71 58 
70 81 15 
79 58 50 
94 89 39 
58 24 34 
70 51 12 
96 24 27 
46 18 7 
73 99 27 
18 38 11 
16 25 6 
15 96 71 
67 29 44 
6 26 73 
59 11 8 
3 41 35 
37 48 6 
82 77 87 
98 52 41 
92 13 72 
23 85 60 
9 31 58 
42 18 66 
23 22 94 
57 20 77 
7 47 49 
14 17 12 
31 41 9 
80 12 57 
28 56 87 
31 93 10 
73 91 16 
79 88 2 
99 45 61 
77 74 64 
73 20 36 
80 95 53 
18 38 64 
7 89 27 
68 91 21 
77 52 80 
82 14 30 
99 50 46 
64 10 37 
28 55 64 
56 53 93 
97 46 26 
84 24 71 
86 44 87 
59 46 61 
29 94 58 
57 56 85 
48 91 11 
98 62 64 
75 36 21 
11 33 87 
63 98 88 
84 69 60 
28 16 23 
34 54 48 
33 8 97 
5 8 64 
6 35 8 
82 47 37 
85 24 74 
13 94 72 
30 53 95 
0 8 96 
97 68 53 
18 48 25 
91 43 9 
48 31 72 
50 95 62 
12 71 53 
22 26 22 
42 84 26 
86 29 36 
11 56 5 
78 43 9 
21 85 1 
64 47 95 
26 19 88 
99 17 81 
32 78 40 
53 57 31 
18 7 9 
63 56 21 
29 8 45 
44 51 43 
89 76 36 
87 96 88 
60 2 66 
24 86 6 
51 73 59 
73 94 60 
42 1 37 
30 31 62 
69 87 2 
56 26 48 
53 54 94 
42 97 53 
86 46 1 
11 18 13 
50 69 77 
68 30 15 
33 80 32 
50 65 99 
75 52 10 
73 5 96 
61 74 77 
60 2 70 
74 68 52 
69 51 26 
21 29 60 
81 77 4 
61 5 36 
6 17 11 
8 73 83 
66 5 85 
85 81 59 
72 83 86 
41 46 7 
55 81 55 
85 1 17 
30 41 2 
14 3 23 
60 49 62 
3 15 90 
95 85 91 
4 30 69 
7 34 61 
44 33 42 
18 44 36 
62 97 62 
98 47 33 
70 92 78 
39 60 44 
20 53 13 
79 73 33 
87 6 74 
44 28 78 
30 42 66 
73 66 70 
52 60 99 
2 6 92 
54 63 36 
49 89 20 
33 22 72 
93 37 79 
81 15 73 
39 32 44 
88 13 74 
8 87 7 
32 25 89 
76 64 69 
15 13 69 
7 69 76 
25 21 49 
1 62 18 
26 74 19 
33 7 92 
4 44 8 
77 75 79 
16 73 1 
48 13 96 
58 98 33 
79 9 55 
64 61 73 
23 94 90 
96 77 40 
22 66 51 
11 19 8 
62 99 3 
65 85 78 
74 91 54 
53 1 49 
52 94 10 
9 46 36 
85 54 24 
43 71 41 
76 71 55 
56 15 58 
56 85 34 
14 60 27 
35 79 94 
36 72 43 
11 92 18 
0 62 80 
56 95 61 
77 80 70 
89 47 43 
52 12 11 
3 53 31 
70 77 66 
29 45 33 
32 64 44 
89 17 86 
18 43 5 
10 33 87 
7 16 68 
8 9 57 
75 82 80 
58 54 28 
57 47 6 
64 60 30 
65 39 12 
8 3 28 
53 36 26 
13 46 91 
61 13 82 
9 64 86 
32 98 53 
14 39 33 
89 99 54 
55 36 98 
77 92 7 
43 10 31 
22 56 27 
67 9 63 
17 92 5 
71 37 32 
43 24 44 
96 81 90 
64 77 46 
86 39 64 
82 74 80 
20 25 37 
5 94 33 
53 14 73 
38 81 75 
0 12 20 
7 72 69 
78 87 49 
47 66 71 
69 17 92 
94 92 95 
14 68 37 
2 33 71 
28 20 96 
2 23 69 
24 89 31 
33 46 82 
68 23 8 
88 33 47 
28 92 22 
68 66 34 
44 58 98 
27 36 44 
0 59 43 
34 13 10 
43 57 89 
71 6 25 
22 83 25 
93 76 76 
21 46 12 
90 68 15 
87 39 98 
98 6 76 
70 29 59 
74 98 88 
99 88 70 
44 60 65 
11 18 48 
70 47 5 
79 66 54 
14 18 86 
76 90 54 
43 53 55 
83 61 59 
81 79 78 
30 67 8 
4 30 50 
91 28 34 
87 36 46 
43 55 84 
56 51 2 
7 74 38 
98 74 35 
20 19 22 
76 49 36 
75 63 3 
49 5 1 
49 35 39 
63 97 63 
28 6 22 
52 2 6 
30 45 71 
43 15 46 
82 9 89 
20 61 8 
79 87 66 
28 45 30 
53 38 16 
37 56 13 
60 51 17 
27 36 49 
59 6 94 
47 3 47 
23 80 15 
4 17 49 
7 7 56 
67 66 56 
91 65 82 
64 68 52 
26 37 40 
24 50 2 
7 42 32 
43 8 82 
24 18 6 
99 11 35 
75 21 8 
83 97 81 
29 5 58 
98 81 59 
90 8 4 
87 30 69 
73 5 29 
89 74 22 
52 18 11 
14 30 12 
80 63 27 
12 91 24 
15 96 59 
29 6 60 
16 23 76 
11 52 95 
94 89 83 
94 90 1 
30 92 76 
75 96 90 
47 91 9 
49 3 11 
1 36 90 
46 88 73 
78 68 15 
64 94 58 
69 12 29 
59 34 75 
8 83 62 
3 99 75 
2 23 67 
18 24 0 
24 88 94 
69 4 99 
71 3 2 
19 42 72 
62 73 88 
63 0 64 
80 78 72 
36 62 28 
43 68 83 
80 33 12 
98 44 87 
14 87 65 
24 34 18 
10 27 7 
12 20 97 
79 31 61 
22 25 66 
32 42 12 
29 93 31 
83 5 96 
44 57 24 
93 68 49 
16 18 70 
8 29 98 
21 7 28 
34 42 63 
32 25 46 
8 34 46 
59 24 15 
18 90 39 
9 11 12 
34 93 50 
65 39 97 
4 68 31 
72 89 98 
44 51 31 
5 81 63 
36 59 38 
7 94 30 
38 35 32 
67 91 38 
80 86 87 
90 29 42 
45 44 77 
24 59 56 
50 48 99 
75 74 8 
96 32 7 
88 3 75 
49 58 24 
1 94 33 
60 97 26 
94 28 96 
94 41 89 
20 97 61 
40 47 3 
75 19 4 
5 81 28 
64 16 41 
25 68 47 
47 56 53 
0 10 23 
1 1 51 
59 15 41 
57 53 3 
39 85 80 
62 63 90 
99 70 34 
19 18 43 
93 60 20 
52 28 24 
77 36 47 
91 7 58 
27 39 89 
87 78 26 
56 17 21 
58 43 55 
81 45 69 
51 79 47 
2 84 17 
91 52 66 
83 86 48 
85 69 81 
29 91 9 
45 12 85 
79 46 53 
38 73 72 
17 12 85 
46 9 51 
73 82 53 
72 23 10 
19 43 20 
56 47 22 
24 12 55 
64 14 85 
98 42 15 
78 57 28 
93 61 66 
94 3 82 
57 92 20 
97 12 0 
40 85 16 
16 51 80 
96 85 97 
74 72 95 
79 78 76 
60 58 73 
43 47 72 
92 84 4 
31 6 84 
50 65 59 
49 72 12 
32 49 47 
2 21 94 
31 26 41 
87 56 10 
85 7 24 
18 83 48 
66 67 46 
6 75 18 
86 63 47 
62 46 97 
20 44 67 
30 29 39 
12 78 97 
69 48 88 
70 67 29 
12 5 5 
70 78 19 
41 77 63 
62 46 74 
70 61 91 
99 83 77 
58 25 90 
43 39 47 
1 8 35 
33 82 71 
41 45 26 
60 0 47 
58 33 31 
84 33 48 
33 17 77 
99 45 45 
59 70 61 
18 79 52 
43 67 71 
45 76 88 
0 54 55 
88 40 61 
18 11 12 
48 33 17 
97 77 67 
77 97 51 
80 96 78 
84 7 78 
46 41 6 
65 63 72 
86 24 40 
60 23 43 
45 77 14 
69 84 29 
21 58 59 
41 36 78 
90 52 82 
55 90 86 
88 85 70 
29 36 78 
33 36 2 
93 13 18 
51 75 20 
51 87 13 
95 82 22 
43 22 42 
28 1 99 
20 92 46 
44 1 42 
85 62 33 
83 64 70 
44 62 74 
45 45 22 
83 73 14 
8 35 34 
71 85 21 
18 34 22 
71 74 53 
22 29 50 
79 99 90 
39 67 93 
56 96 17 
25 55 6 
33 89 62 
15 21 94 
63 68 73 
67 14 22 
38 75 88 
53 42 2 
38 20 66 
72 31 43 
47 21 11 
19 89 9 
77 37 9 
98 26 73 
13 65 20 
90 12 18 
63 59 83 
27 57 59 
54 72 78 
28 56 79 
65 15 62 
26 53 6 
19 50 63 
8 55 2 
2 85 98 
79 15 66 
59 11 3 
75 56 42 
82 53 93 
47 13 97 
36 27 59 
42 89 70 
54 13 54 
66 34 68 
93 83 16 
19 27 62 
7 38 9 
74 82 0 
19 16 24 
74 7 92 
6 26 30 
41 4 83 
7 31 52 
99 23 42 
42 3 12 
67 23 33 
64 61 8 
72 86 70 
82 40 59 
71 15 12 
68 42 7 
38 41 31 
33 19 14 
72 52 31 
24 66 1 
96 62 71 
93 49 53 
75 44 81 
84 19 62 
27 69 14 
91 22 58 
9 34 29 
17 8 59 
51 57 96 
22 36 98 
61 10 36 
40 52 59 
48 3 73 
44 97 92 
52 29 4 
11 71 92 
57 74 58 
85 59 27 
49 38 34 
84 93 28 
55 9 61 
43 10 98 
33 82 87 
90 47 30 
51 42 5 
74 67 77 
52 87 95 
2 58 1 
46 75 95 
87 48 19 
86 70 32 
72 25 59 
53 92 30 
98 60 21 
53 66 68 
57 4 73 
66 64 45 
87 8 95 
25 45 62 
68 15 26 
32 86 55 
83 71 69 
5 7 45 
2 69 54 
87 28 51 
35 14 3 
54 47 16 
21 96 58 
68 85 21 
0 78 61 
34 53 97 
35 25 63 
64 36 43 
62 99 75 
4 40 87 
80 0 75 
88 69 87 
96 18 22 
68 39 92 
88 34 81 
18 91 18 
44 55 60 
90 30 27 
50 0 54 
35 22 80 
37 77 89 
11 4 33 
50 79 38 
69 58 82 
21 52 24 
75 10 29 
41 92 15 
92 78 36 
24 14 82 
35 2 97 
57 74 51 
5 46 52 
37 98 73 
57 23 10 
48 91 88 
87 84 56 
44 36 25 
36 50 18 
97 98 30 
46 57 61 
55 79 64 
59 57 57 
93 76 46 
73 47 88 
74 52 89 
42 92 35 
68 66 65 
3 42 95 
32 88 58 
45 41 26 
88 38 90 
77 43 64 
26 55 35 
37 29 22 
0 71 94 
16 24 85 
69 73 99 
89 50 95 
23 96 11 
12 69 46 
32 25 6 
76 41 12 
42 71 17 
99 99 5 
89 3 75 
44 16 63 
49 64 19 
16 99 81 
72 43 35 
26 79 37 
7 43 47 
24 18 79 
26 88 66 
69 91 73 
14 9 19 
50 22 16 
83 73 4 
11 83 49 
76 98 7 
29 19 66 
38 91 7 
87 59 39 
39 66 56 
65 99 27 
24 33 49 
35 92 26 
73 98 42 
48 62 88 
70 5 85 
60 74 25 
30 90 2 
44 67 81 
4 11 79 
10 74 86 
80 22 51 
44 84 49 
80 95 59 
65 81 83 
5 17 7 
22 0 32 
41 12 36 
92 21 46 
92 56 28 
74 52 64 
59 77 51 
98 57 71 
42 84 73 
80 28 45 
45 11 60 
99 82 23 
61 96 0 
6 89 71 
4 18 39 
65 12 87 
24 76 51 
64 37 76 
33 53 96 
59 94 89 
89 19 8 
49 6 41 
93 0 80 
92 54 14 
56 58 37 
33 94 44 
42 77 63 
19 71 48 
49 14 58 
44 97 98 
53 75 88 
9 39 82 
15 63 63 
73 74 22 
4 30 8 
79 81 71 
4 94 98 
69 70 88 
66 21 45 
16 75 17 
0 50 16 
23 3 50 
81 46 35 
45 28 7 
1 30 39 
75 92 46 
61 76 26 
82 10 48 
4 16 50 
91 25 21 
35 7 79 
62 57 1 
32 41 36 
13 15 60 
37 88 87 
45 1 60 
75 30 88 
50 66 74 
26 69 84 
36 73 48 
10 1 17 
43 62 23 
2 66 0 
46 68 25 
11 61 23 
36 54 84 
14 22 86 
52 26 2 
50 50 87 
25 43 55 
55 56 74 
34 33 11 
56 18 74 
47 29 42 
67 46 48 
48 92 10 
47 87 71 
80 82 49 
29 55 20 
22 91 64 
18 87 16 
69 30 2 
24 88 42 
39 63 61 
87 49 46 
36 76 60 
44 3 40 
7 13 94 
58 73 82 
66 48 94 
29 96 71 
22 43 45 
73 67 31 
86 33 84 
69 24 81 
33 26 22 
70 21 84 
97 65 75 
35 58 20 
6 76 52 
30 2 83 
80 34 58 
9 37 20 
31 53 41 
68 20 58 
26 2 0 
63 89 77 
10 80 20 
14 50 47 
29 67 2 
77 19 69 
31 97 7 
89 17 81 
96 77 29 
34 82 41 
45 15 94 
96 85 26 
65 56 71 
10 29 51 
54 41 83 
14 80 72 
13 99 96 
35 52 34 
22 33 65 
5 66 95 
8 74 1 
44 68 12 
90 36 34 
3 19 87 
82 26 79 
98 5 91 
50 72 61 
45 20 6 
84 35 22 
69 5 99 
89 84 73 
65 58 64 
9 23 19 
69 15 34 
56 29 74 
79 24 87 
72 85 26 
13 13 52 
17 43 69 
81 94 72 
65 73 67 
33 56 35 
99 32 73 
46 67 52 
45 39 49 
65 56 27 
37 60 60 
59 90 3 
18 3 42 
82 75 41 
16 39 85 
97 20 18 
76 39 55 
91 0 38 
46 84 6 
61 62 78 
97 39 22 
45 36 12 
54 51 55 
24 8 68 
51 51 41 
47 44 77 
67 36 79 
97 75 57 
97 20 52 
73 50 98 
57 88 36 
34 4 40 
42 97 16 
7 11 79 
53 5 49 
56 85 41 
24 91 90 
79 96 84 
85 8 36 
63 28 86 
0 35 9 
36 63 40 
99 17 85 
27 8 35 
11 57 1 
29 11 5 
28 78 93 
10 28 91 
13 62 73 
77 66 8 
61 80 91 
63 51 40 
9 51 50 
81 73 11 
83 90 18 
42 33 0 
58 88 21 
30 86 99 
89 9 62 
26 7 94 
2 9 11 
99 20 9 
87 8 19 
11 77 88 
18 66 75 
56 17 22 
28 42 11 
98 98 30 
74 58 71 
76 25 49 
12 86 24 
59 60 15 
66 76 2 
57 66 62 
60 40 55 
3 67 1 
17 34 69 
26 53 81 
85 88 68 
71 18 59 
31 17 80 
51 20 18 
96 51 77 
51 35 21 
8 30 70 
89 17 46 
74 17 84 
28 11 66 
67 50 63 
41 74 98 
98 55 63 
25 19 92 
33 14 48 
54 52 16 
70 68 79 
33 44 88 
79 13 89 
47 31 35 
49 24 37 
69 36 12 
89 23 17 
51 17 64 
29 31 44 
71 76 39 
99 69 59 
84 50 8 
58 10 84 
75 12 27 
93 59 75 
39 38 29 
2 16 82 
63 25 56 
4 59 84 
80 58 42 
3 95 66 
79 95 42 
76 11 71 
4 2 85 
18 60 2 
42 65 29 
5 77 49 
93 8 43 
31 91 88 
6 74 68 
99 40 79 
47 19 39 
39 43 46 
60 20 80 
60 53 85 
91 6 46 
83 67 37 
34 21 61 
94 5 20 
80 10 43 
41 48 43 
87 85 55 
95 6 93 
80 88 15 
73 56 54 
92 31 9 
86 12 12 
11 57 77 
21 48 45 
40 36 81 
18 11 56 
5 33 12 
16 27 76 
19 55 63 
67 79 61 
37 37 16 
89 5 81 
36 67 55 
57 36 3 
88 19 13 
62 36 87 
98 76 3 
9 50 66 
54 62 71 
33 75 84 
33 22 76 
14 96 74 
97 6 2 
7 37 2 
55 46 36 
42 71 1 
45 54 31 
89 43 78 
60 79 77 
81 22 78 
66 22 80 
10 77 19 
29 74 61 
25 79 6 
60 72 72 
73 95 34 
25 47 9 
72 60 41 
70 1 55 
74 16 75 
5 90 49 
27 18 57 
57 82 59 
25 29 11 
85 30 50 
81 46 35 
81 3 39 
86 88 97 
2 69 11 
50 62 12 
36 2 58 
23 96 46 
15 31 42 
79 97 71 
66 13 22 
36 32 38 
64 24 51 
41 3 44 
93 3 58 
27 27 78 
17 25 49 
8 18 4 
54 21 12 
63 82 67 
98 14 68 
91 92 60 
64 3 54 
53 98 21 
12 51 69 
68 22 54 
80 5 39 
71 23 95 
71 15 33 
74 21 75 
92 38 96 
68 45 0 
82 13 98 
53 79 33 
39 87 11 
82 3 62 
46 41 90 
61 42 99 
73 51 76 
29 50 76 
62 80 60 
33 7 93 
92 24 36 
78 18 29 
53 92 68 
31 70 61 
39 29 68 
46 15 42 
81 81 5 
40 96 96 
35 19 62 
34 88 45 
84 78 35 
85 44 11 
68 32 60 
91 81 63 
74 50 33 
55 95 48 
57 48 25 
3 67 28 
70 13 91 
89 23 72 
17 37 45 
72 36 4 
35 45 13 
26 90 13 
58 30 18 
97 26 45 
85 39 17 
11 57 82 
29 70 12 
75 27 24 
93 7 29 
66 5 40 
82 72 11 
13 85 10 
88 10 70 
96 48 36 
22 28 72 
26 84 91 
32 69 7 
43 24 76 
51 87 41 
72 68 47 
64 68 0 
60 87 59 
32 16 29 
41 87 7 
15 64 89 
61 12 75 
46 77 76 
62 68 75 
67 36 59 
42 79 22 
30 52 1 
46 79 28 
95 27 41 
1 82 43 
25 25 99 
78 88 80 
44 55 63 
6 3 64 
76 53 47 
9 8 10 
12 40 4 
6 48 9 
87 78 26 
81 31 62 
3 16 18 
50 71 84 
65 63 22 
18 74 88 
87 85 13 
61 60 91 
3 92 4 
99 41 32 
58 92 27 
8 5 89 
34 86 33 
83 62 85 
39 56 37 
13 49 28 
55 65 30 
6 26 73 
32 31 37 
62 62 98 
28 91 1 
77 33 83 
1 94 56 
71 84 28 
30 14 90 
89 98 56 
63 3 68 
86 85 20 
18 1 86 
28 45 8 
13 81 14 
65 63 58 
21 76 10 
58 40 61 
17 40 80 
99 92 70 
85 66 38 
84 9 0 
37 38 41 
59 17 22 
12 60 86 
65 13 36 
91 30 23 
92 4 24 
33 30 70 
85 60 81 
1 23 53 
34 34 47 
41 58 11 
74 82 33 
42 97 32 
7 87 72 
39 68 89 
77 5 41 
65 70 81 
59 45 64 
66 13 58 
51 34 96 
87 21 71 
26 83 23 
71 70 40 
45 42 62 
67 26 79 
18 74 73 
