1 5 4 10 
6 3 2 11 
6 2 4 12 
8 2 4 14 
5 0 9 14 
11 1 3 15 
11 2 3 16 
8 0 9 17 
4 13 2 19 
14 3 2 19 
0 7 13 20 
12 5 5 22 
2 9 11 22 
5 12 9 26 
9 8 10 27 
10 1 17 28 
26 2 0 28 
13 12 4 29 
6 13 10 29 
5 17 7 29 
10 13 7 30 
1 20 9 30 
27 3 0 30 
8 18 4 30 
7 6 18 31 
9 17 5 31 
1 6 25 32 
16 6 10 32 
11 1 20 32 
18 12 2 32 
5 18 9 32 
0 12 20 32 
9 11 12 32 
8 11 14 33 
32 0 1 33 
4 5 24 33 
30 3 0 33 
9 0 24 33 
0 10 23 33 
14 11 9 34 
10 5 19 34 
0 19 15 34 
7 6 21 34 
18 7 9 34 
6 17 11 34 
7 20 9 36 
1 30 5 36 
1 25 10 36 
29 6 1 36 
5 10 21 36 
7 3 26 36 
5 26 5 36 
9 22 6 37 
6 29 2 37 
3 16 18 37 
5 22 11 38 
20 17 1 38 
7 28 3 38 
3 4 31 38 
11 19 8 38 
6 6 27 39 
20 5 14 39 
2 16 21 39 
3 29 7 39 
8 3 28 39 
7 20 13 40 
4 28 8 40 
14 3 23 40 
37 1 3 41 
7 0 34 41 
16 8 17 41 
18 11 12 41 
3 13 26 42 
6 9 27 42 
5 13 24 42 
6 35 1 42 
14 9 19 42 
12 30 0 42 
11 18 13 42 
18 24 0 42 
14 9 19 42 
4 30 8 42 
8 17 18 43 
18 7 18 43 
14 17 12 43 
5 30 9 44 
14 11 19 44 
16 15 13 44 
9 18 17 44 
13 23 8 44 
3 30 11 44 
22 18 4 44 
21 16 7 44 
10 27 7 44 
1 8 35 44 
0 35 9 44 
25 1 19 45 
14 15 16 45 
5 31 9 45 
29 11 5 45 
15 18 13 46 
30 9 7 46 
15 28 3 46 
8 18 20 46 
18 25 3 46 
10 26 10 46 
7 37 2 46 
1 3 43 47 
20 12 15 47 
24 6 17 47 
17 12 18 47 
15 22 10 47 
16 25 6 47 
7 35 6 48 
24 18 6 48 
11 4 33 48 
5 14 30 49 
28 16 5 49 
22 23 4 49 
25 9 15 49 
12 12 25 49 
7 26 16 49 
11 24 14 49 
6 35 8 49 
17 4 29 50 
3 27 20 50 
8 42 0 50 
3 29 18 50 
15 22 13 50 
5 21 24 50 
3 22 25 50 
5 33 12 50 
7 8 36 51 
35 6 10 51 
22 25 4 51 
46 5 0 51 
17 8 26 51 
9 23 19 51 
6 4 42 52 
48 0 4 52 
0 7 45 52 
13 39 0 52 
29 4 19 52 
24 11 17 52 
9 25 18 52 
35 14 3 52 
15 17 21 53 
38 0 15 53 
18 16 19 53 
7 14 32 53 
13 11 29 53 
30 10 13 53 
18 7 28 53 
25 12 16 53 
5 15 33 53 
31 6 16 53 
16 11 26 53 
14 2 37 53 
1 1 51 53 
12 16 26 54 
0 20 34 54 
40 8 6 54 
10 2 42 54 
43 11 0 54 
19 24 11 54 
21 4 29 54 
17 16 21 54 
7 38 9 54 
22 0 32 54 
7 18 30 55 
0 21 34 55 
6 22 27 55 
35 6 14 55 
26 19 10 55 
49 5 1 55 
11 41 4 56 
42 8 6 56 
20 14 22 56 
12 39 5 56 
11 34 11 56 
24 32 0 56 
25 7 24 56 
29 27 0 56 
34 18 4 56 
13 3 40 56 
4 44 8 56 
28 6 22 56 
14 30 12 56 
21 7 28 56 
12 40 4 56 
9 14 34 57 
20 10 27 57 
25 8 24 57 
17 29 11 57 
16 26 15 57 
7 48 2 57 
38 4 15 57 
24 2 31 57 
4 39 14 57 
20 24 13 57 
27 17 13 57 
12 29 16 57 
2 36 19 57 
8 37 12 57 
7 44 6 57 
28 19 10 57 
34 13 10 57 
42 3 12 57 
5 7 45 57 
35 19 4 58 
54 3 1 58 
19 14 25 58 
26 17 15 58 
7 12 39 58 
2 9 47 58 
11 24 23 58 
14 15 30 59 
7 9 43 59 
17 3 39 59 
19 28 12 59 
25 13 21 59 
19 16 24 59 
4 28 28 60 
17 32 11 60 
7 32 21 60 
3 47 10 60 
0 24 36 60 
0 4 56 60 
42 5 13 60 
11 42 7 60 
0 52 8 60 
17 3 40 60 
19 34 7 60 
10 11 39 60 
52 2 6 60 
11 17 33 61 
39 14 8 61 
29 1 31 61 
15 26 20 61 
8 48 5 61 
9 12 40 61 
12 30 19 61 
20 34 7 61 
20 19 22 61 
2 58 1 61 
4 18 39 61 
29 8 25 62 
34 23 5 62 
8 22 32 62 
30 29 3 62 
37 25 0 62 
20 24 18 62 
16 5 41 62 
36 12 14 62 
29 30 3 62 
6 18 38 62 
21 15 26 62 
14 7 41 62 
27 26 9 62 
5 55 2 62 
6 26 30 62 
36 21 6 63 
2 4 57 63 
39 7 17 63 
14 40 9 63 
22 39 2 63 
44 18 1 63 
22 0 41 63 
49 3 11 63 
32 25 6 63 
18 3 42 63 
6 48 9 63 
41 5 18 64 
23 10 31 64 
13 14 37 64 
55 2 7 64 
38 5 21 64 
0 63 1 64 
8 27 29 64 
55 2 7 64 
11 51 2 64 
20 31 13 64 
36 0 28 64 
9 34 21 64 
16 24 24 64 
13 41 11 65 
9 21 35 65 
51 4 10 65 
60 4 1 65 
22 2 41 65 
23 8 34 65 
20 20 25 65 
19 43 3 65 
8 30 27 65 
10 38 17 65 
37 17 11 65 
15 17 33 65 
8 55 2 65 
25 29 11 65 
44 18 4 66 
32 20 14 66 
10 56 0 66 
46 2 18 66 
21 27 18 66 
30 18 18 66 
14 21 31 66 
18 43 5 66 
33 19 14 66 
0 50 16 66 
9 37 20 66 
3 43 21 67 
10 48 9 67 
31 32 4 67 
23 5 39 67 
47 13 7 67 
0 0 67 67 
14 48 5 67 
12 19 36 67 
56 4 7 67 
18 48 1 67 
7 31 29 67 
0 13 54 67 
4 40 23 67 
60 6 1 67 
18 38 11 67 
28 16 23 67 
23 19 26 68 
36 24 8 68 
54 9 5 68 
15 33 20 68 
35 29 4 68 
33 32 3 68 
3 4 61 68 
18 21 29 68 
5 19 44 68 
20 15 33 68 
2 66 0 68 
60 2 7 69 
44 13 12 69 
17 37 15 69 
0 49 20 69 
13 31 25 69 
40 6 23 69 
4 65 0 69 
23 42 4 69 
55 8 6 69 
13 47 9 69 
11 57 1 69 
23 6 41 70 
12 13 45 70 
47 11 12 70 
18 18 34 70 
9 21 40 70 
5 62 3 70 
27 42 1 70 
3 3 64 70 
8 61 1 70 
0 31 39 70 
6 35 29 70 
40 28 2 70 
17 3 50 70 
1 67 2 70 
22 26 22 70 
4 17 49 70 
7 7 56 70 
1 30 39 70 
4 16 50 70 
27 8 35 70 
36 23 12 71 
62 1 8 71 
8 25 38 71 
3 68 0 71 
12 42 17 71 
4 33 34 71 
20 15 36 71 
34 3 34 71 
50 5 16 71 
16 39 16 71 
53 15 3 71 
5 34 32 71 
17 35 19 71 
26 38 7 71 
46 18 7 71 
33 36 2 71 
45 20 6 71 
3 67 1 71 
1 59 12 72 
42 1 29 72 
4 64 4 72 
9 61 2 72 
11 11 50 72 
39 14 19 72 
53 13 6 72 
12 38 22 72 
44 9 19 72 
5 12 55 72 
36 5 31 72 
11 56 5 72 
9 34 29 72 
21 28 24 73 
63 8 2 73 
13 10 50 73 
6 39 28 73 
50 0 23 73 
19 34 20 73 
18 6 49 73 
14 37 22 73 
10 48 15 73 
20 8 45 73 
11 43 19 73 
1 53 19 73 
1 46 26 73 
6 38 29 73 
30 41 2 73 
59 11 3 73 
6 3 64 73 
17 52 5 74 
67 2 5 74 
7 15 52 74 
13 4 57 74 
44 13 17 74 
27 38 9 74 
7 57 10 74 
20 30 24 74 
1 39 34 74 
4 5 65 74 
7 38 29 74 
60 12 2 74 
0 21 53 74 
52 3 19 74 
0 46 28 74 
19 37 18 74 
8 9 57 74 
18 34 22 74 
3 8 64 75 
63 8 4 75 
6 49 20 75 
71 0 4 75 
17 44 14 75 
15 34 26 75 
20 12 43 75 
24 45 6 75 
57 14 4 75 
31 23 21 75 
22 7 46 75 
22 52 1 75 
5 14 56 75 
14 7 54 75 
0 29 46 75 
45 27 3 75 
52 12 11 75 
42 33 0 75 
38 9 29 76 
3 34 39 76 
12 33 31 76 
3 21 52 76 
7 43 26 76 
14 36 26 76 
14 9 53 76 
28 28 20 76 
21 13 42 76 
65 2 9 76 
65 6 5 76 
24 50 2 76 
71 3 2 76 
24 34 18 76 
23 3 50 76 
42 15 20 77 
0 70 7 77 
2 33 42 77 
40 8 29 77 
39 1 37 77 
66 5 6 77 
12 57 8 77 
58 14 5 77 
25 14 38 77 
12 28 37 77 
24 50 3 77 
29 24 24 77 
60 16 1 77 
35 29 13 77 
42 21 14 77 
23 46 8 77 
5 8 64 77 
11 18 48 77 
8 35 34 77 
32 16 29 77 
1 23 53 77 
55 2 21 78 
75 3 0 78 
0 1 77 78 
35 32 11 78 
17 26 35 78 
29 15 34 78 
40 31 7 78 
43 19 16 78 
12 13 53 78 
52 8 18 78 
17 27 34 78 
5 33 40 78 
4 21 53 78 
12 14 52 78 
42 1 35 78 
19 45 14 78 
63 2 13 78 
3 44 31 78 
3 56 19 78 
59 11 8 78 
34 33 11 78 
13 13 52 78 
34 4 40 78 
41 30 8 79 
13 51 15 79 
5 57 17 79 
16 32 31 79 
58 21 0 79 
1 49 29 79 
9 42 28 79 
45 17 17 79 
64 3 12 79 
1 69 9 79 
28 17 34 79 
27 10 42 79 
54 4 21 79 
20 54 5 79 
35 10 34 79 
3 41 35 79 
21 46 12 79 
47 21 11 79 
3 12 65 80 
14 48 18 80 
15 49 16 80 
30 7 43 80 
6 66 8 80 
48 18 14 80 
55 18 7 80 
9 46 25 80 
41 10 29 80 
9 43 28 80 
6 2 72 80 
34 23 23 80 
42 1 37 80 
19 18 43 80 
45 28 7 80 
52 26 2 80 
18 60 2 80 
18 5 58 81 
49 2 30 81 
55 18 8 81 
0 66 15 81 
31 49 1 81 
28 45 8 81 
35 22 24 81 
6 75 0 81 
16 42 23 81 
7 56 18 81 
49 0 32 81 
3 45 33 81 
28 1 52 81 
41 40 0 81 
60 9 12 81 
69 12 0 81 
29 22 30 81 
59 19 3 81 
26 39 16 81 
40 36 5 81 
31 41 9 81 
1 62 18 81 
7 42 32 81 
52 18 11 81 
33 26 22 81 
28 42 11 81 
25 47 9 81 
28 45 8 81 
19 49 14 82 
18 34 30 82 
15 49 18 82 
61 13 8 82 
68 11 3 82 
46 28 8 82 
15 46 21 82 
33 46 3 82 
57 22 3 82 
41 38 3 82 
31 47 4 82 
20 43 19 82 
70 8 4 82 
20 2 60 82 
1 28 53 82 
29 30 23 82 
29 8 45 82 
20 25 37 82 
19 43 20 82 
2 69 11 82 
20 35 28 83 
13 37 33 83 
2 27 54 83 
16 2 65 83 
26 16 41 83 
3 10 70 83 
0 15 68 83 
4 53 26 83 
15 39 29 83 
20 55 8 83 
5 10 68 83 
5 38 40 83 
46 30 7 83 
10 52 21 83 
23 1 59 83 
8 74 1 83 
30 52 1 83 
10 32 42 84 
36 27 21 84 
47 16 21 84 
1 33 50 84 
11 29 44 84 
78 3 3 84 
5 77 2 84 
7 69 8 84 
48 25 11 84 
42 22 20 84 
0 29 55 84 
35 34 15 84 
51 2 31 84 
18 2 64 84 
29 23 32 84 
7 34 43 84 
11 73 0 84 
52 20 12 84 
43 10 31 84 
4 30 50 84 
17 8 59 84 
42 41 2 85 
32 1 52 85 
61 23 1 85 
32 46 7 85 
38 1 46 85 
13 14 58 85 
28 50 7 85 
45 16 24 85 
18 13 54 85 
33 40 12 85 
2 36 47 85 
23 53 9 85 
5 35 45 85 
77 2 6 85 
6 23 56 85 
45 10 30 85 
32 22 31 85 
10 11 64 85 
6 10 69 85 
50 10 25 85 
6 60 19 85 
25 4 56 85 
43 24 18 85 
23 30 32 85 
10 67 8 85 
34 49 2 85 
71 10 4 85 
21 39 25 85 
55 29 1 85 
26 53 6 85 
52 29 4 85 
18 11 56 85 
20 33 33 86 
11 31 44 86 
8 31 47 86 
22 42 22 86 
36 0 50 86 
11 61 14 86 
12 45 29 86 
32 48 6 86 
13 6 67 86 
46 18 22 86 
68 1 17 86 
14 21 51 86 
32 50 4 86 
42 41 3 86 
20 53 13 86 
14 39 33 86 
32 42 12 86 
25 55 6 86 
74 5 8 87 
5 19 63 87 
24 17 46 87 
29 44 14 87 
18 37 32 87 
24 17 46 87 
8 56 23 87 
18 65 4 87 
52 34 1 87 
49 26 12 87 
16 1 70 87 
26 24 37 87 
33 29 25 87 
74 3 10 87 
8 20 59 87 
17 54 16 87 
35 8 44 87 
26 17 44 87 
46 41 0 87 
11 38 38 87 
3 53 31 87 
44 1 42 87 
44 3 40 87 
54 21 12 87 
6 17 65 88 
28 1 59 88 
4 46 38 88 
13 46 29 88 
28 19 41 88 
45 15 28 88 
23 15 50 88 
41 26 21 88 
72 15 1 88 
63 6 19 88 
3 54 31 88 
18 32 38 88 
12 44 32 88 
27 52 9 88 
18 18 52 88 
19 59 10 88 
34 42 12 88 
75 11 2 88 
1 69 18 88 
8 34 46 88 
37 29 22 88 
50 22 16 88 
13 15 60 88 
15 31 42 88 
41 3 44 88 
43 13 33 89 
23 25 41 89 
3 50 36 89 
20 3 66 89 
43 6 40 89 
77 9 3 89 
8 44 37 89 
48 20 21 89 
25 61 3 89 
19 17 53 89 
25 19 45 89 
5 45 39 89 
4 4 81 89 
23 19 47 89 
33 33 23 89 
23 31 35 89 
35 27 27 89 
14 3 72 89 
52 11 26 89 
68 18 3 89 
40 14 35 89 
7 41 41 89 
4 2 83 89 
64 23 2 89 
20 61 8 89 
41 12 36 89 
51 20 18 89 
6 55 29 90 
2 28 60 90 
21 30 39 90 
83 1 6 90 
34 11 45 90 
42 29 19 90 
21 35 34 90 
35 48 7 90 
30 39 21 90 
41 28 21 90 
6 45 39 90 
51 20 19 90 
10 65 15 90 
16 7 67 90 
2 24 64 90 
12 45 33 90 
23 12 55 90 
17 26 47 90 
38 52 0 90 
3 53 34 90 
1 62 27 90 
7 65 18 90 
26 46 18 90 
16 73 1 90 
40 47 3 90 
7 31 52 90 
57 23 10 90 
10 29 51 90 
37 37 16 90 
13 49 28 90 
12 53 26 91 
55 27 9 91 
11 30 50 91 
51 6 34 91 
8 48 35 91 
22 51 18 91 
43 38 10 91 
40 15 36 91 
39 16 36 91 
37 23 31 91 
57 5 29 91 
34 45 12 91 
70 11 10 91 
6 45 40 91 
21 62 8 91 
17 45 29 91 
50 9 32 91 
7 59 25 91 
47 43 1 91 
19 42 30 91 
37 48 6 91 
18 48 25 91 
9 46 36 91 
7 16 68 91 
24 12 55 91 
24 66 1 91 
4 2 85 91 
17 25 49 91 
34 21 37 92 
30 39 23 92 
22 50 20 92 
48 31 13 92 
1 32 59 92 
29 23 40 92 
70 2 20 92 
18 61 13 92 
27 8 57 92 
44 9 39 92 
5 36 51 92 
31 16 45 92 
6 18 68 92 
6 73 13 92 
13 11 68 92 
73 18 1 92 
47 27 18 92 
28 44 20 92 
31 58 3 92 
5 68 19 92 
28 24 40 92 
41 35 16 92 
52 1 39 92 
29 5 58 92 
2 23 67 92 
19 13 61 93 
3 7 83 93 
10 36 47 93 
6 41 46 93 
23 32 38 93 
18 60 15 93 
65 14 14 93 
3 81 9 93 
12 71 10 93 
17 51 25 93 
41 30 22 93 
14 17 62 93 
7 27 59 93 
15 10 68 93 
8 55 30 93 
52 15 26 93 
2 87 4 93 
21 33 39 93 
47 41 5 93 
70 23 0 93 
2 3 88 93 
46 41 6 93 
45 36 12 93 
35 45 13 93 
84 9 0 93 
11 26 57 94 
11 54 29 94 
31 37 26 94 
52 37 5 94 
68 16 10 94 
16 76 2 94 
39 5 50 94 
10 2 82 94 
72 12 10 94 
14 13 67 94 
11 36 47 94 
0 69 25 94 
71 0 23 94 
62 14 18 94 
45 25 24 94 
27 49 18 94 
45 33 16 94 
29 13 52 94 
59 1 34 94 
75 12 7 94 
41 46 7 94 
2 23 69 94 
56 17 21 94 
4 11 79 94 
13 79 3 95 
49 24 22 95 
5 80 10 95 
25 57 13 95 
11 19 65 95 
24 49 22 95 
41 25 29 95 
82 10 3 95 
59 8 28 95 
69 6 20 95 
17 35 43 95 
58 29 8 95 
43 38 14 95 
12 8 75 95 
26 26 43 95 
36 54 5 95 
62 13 20 95 
8 16 71 95 
48 41 6 95 
25 21 49 95 
29 6 60 95 
11 61 23 95 
56 17 22 95 
33 14 48 95 
21 61 14 96 
43 27 26 96 
3 84 9 96 
22 12 62 96 
5 76 15 96 
83 11 2 96 
12 9 75 96 
16 6 74 96 
22 68 6 96 
17 13 66 96 
22 49 25 96 
2 80 14 96 
34 24 38 96 
56 19 21 96 
23 2 71 96 
71 20 5 96 
47 7 42 96 
49 6 41 96 
57 36 3 96 
36 2 58 96 
8 30 59 97 
23 54 20 97 
72 1 24 97 
20 74 3 97 
25 17 55 97 
60 31 6 97 
1 77 19 97 
4 17 76 97 
60 35 2 97 
36 29 32 97 
39 35 23 97 
68 5 24 97 
32 2 63 97 
48 13 36 97 
40 5 52 97 
57 12 28 97 
49 4 44 97 
2 23 72 97 
31 31 35 97 
0 74 23 97 
19 30 48 97 
60 15 22 97 
82 6 9 97 
22 69 6 97 
11 75 11 97 
15 13 69 97 
47 3 47 97 
53 42 2 97 
21 52 24 97 
7 43 47 97 
7 11 79 97 
3 83 12 98 
36 25 37 98 
12 46 40 98 
25 61 12 98 
68 22 8 98 
34 8 56 98 
10 3 85 98 
66 5 27 98 
81 17 0 98 
59 34 5 98 
64 19 15 98 
58 39 1 98 
27 68 3 98 
27 15 56 98 
36 12 50 98 
61 10 27 98 
44 42 12 98 
19 23 56 98 
21 69 8 98 
33 20 45 98 
8 43 47 98 
9 31 58 98 
18 44 36 98 
59 24 15 98 
75 19 4 98 
31 26 41 98 
30 29 39 98 
48 33 17 98 
13 65 20 98 
71 15 12 98 
51 42 5 98 
29 67 2 98 
3 67 28 98 
59 17 22 98 
41 5 53 99 
57 10 32 99 
35 19 45 99 
63 27 9 99 
59 14 26 99 
0 34 65 99 
24 23 52 99 
78 6 15 99 
72 23 4 99 
51 13 35 99 
66 30 3 99 
9 44 46 99 
60 14 25 99 
2 95 2 99 
35 3 61 99 
76 12 11 99 
54 11 34 99 
35 12 52 99 
18 22 59 99 
2 92 5 99 
24 0 75 99 
44 14 41 99 
32 24 43 99 
11 65 23 99 
17 28 54 99 
34 46 19 99 
27 3 69 99 
0 53 46 99 
65 13 21 99 
34 2 63 99 
68 23 8 99 
6 75 18 99 
17 37 45 99 
3 92 4 99 
4 41 55 100 
58 0 42 100 
5 90 5 100 
88 7 5 100 
18 40 42 100 
25 11 64 100 
0 91 9 100 
24 17 59 100 
7 91 2 100 
69 6 25 100 
35 2 63 100 
1 33 66 100 
66 17 17 100 
12 41 47 100 
22 22 56 100 
6 10 84 100 
64 5 31 100 
6 27 67 100 
41 56 3 100 
63 1 36 100 
9 49 42 100 
25 57 18 100 
86 13 1 100 
46 1 53 100 
24 36 40 100 
65 27 8 100 
25 19 56 100 
24 12 64 100 
2 74 24 100 
32 48 20 100 
6 25 69 100 
64 1 35 100 
12 29 59 100 
5 86 9 100 
51 10 39 100 
9 8 83 100 
53 26 21 100 
2 6 92 100 
24 8 68 100 
2 16 82 100 
32 31 37 100 
0 59 42 101 
0 63 38 101 
99 1 1 101 
39 27 35 101 
13 67 21 101 
58 42 1 101 
67 13 21 101 
67 17 17 101 
43 14 44 101 
36 37 28 101 
64 4 33 101 
6 51 44 101 
47 15 39 101 
98 0 3 101 
23 47 31 101 
45 50 6 101 
16 84 1 101 
8 63 30 101 
14 60 27 101 
22 29 50 101 
69 30 2 101 
66 13 22 101 
13 87 2 102 
24 0 78 102 
1 44 57 102 
87 1 14 102 
54 16 32 102 
44 6 52 102 
1 51 50 102 
19 69 14 102 
60 22 20 102 
17 69 16 102 
11 47 44 102 
44 13 45 102 
57 34 11 102 
42 42 18 102 
67 6 29 102 
7 32 63 102 
26 13 63 102 
28 57 17 102 
23 8 71 102 
67 16 19 102 
3 52 47 102 
17 29 56 102 
1 51 50 102 
36 65 1 102 
61 5 36 102 
7 34 61 102 
8 87 7 102 
0 59 43 102 
71 6 25 102 
90 8 4 102 
27 18 57 102 
8 5 89 102 
82 21 0 103 
81 0 22 103 
21 0 82 103 
22 1 80 103 
15 56 32 103 
28 1 74 103 
83 14 6 103 
68 15 20 103 
36 36 31 103 
8 70 25 103 
71 2 30 103 
64 22 17 103 
51 2 50 103 
79 9 15 103 
3 2 98 103 
21 77 5 103 
35 42 26 103 
17 11 75 103 
19 41 43 103 
3 11 89 103 
30 71 2 103 
34 58 11 103 
38 50 15 103 
15 83 5 103 
43 11 49 103 
31 15 57 103 
82 10 11 103 
91 8 4 103 
20 46 37 103 
19 77 7 103 
43 40 20 103 
62 28 13 103 
20 3 80 103 
5 49 49 103 
19 67 17 103 
58 14 31 103 
57 5 41 103 
7 47 49 103 
85 1 17 103 
4 30 69 103 
53 1 49 103 
28 45 30 103 
26 37 40 103 
32 25 46 103 
4 68 31 103 
2 84 17 103 
67 14 22 103 
5 46 52 103 
46 15 42 103 
24 21 59 104 
55 15 34 104 
12 79 13 104 
68 28 8 104 
87 10 7 104 
47 18 39 104 
80 13 11 104 
38 22 44 104 
0 32 72 104 
63 3 38 104 
62 30 12 104 
11 78 15 104 
6 95 3 104 
59 14 31 104 
40 54 10 104 
57 45 2 104 
21 31 52 104 
60 18 26 104 
8 3 93 104 
44 38 22 104 
42 39 23 104 
16 41 47 104 
0 8 96 104 
43 15 46 104 
75 21 8 104 
16 18 70 104 
52 28 24 104 
50 0 54 104 
36 50 18 104 
29 55 20 104 
29 31 44 104 
79 19 7 105 
32 54 19 105 
38 14 53 105 
2 87 16 105 
48 46 11 105 
69 30 6 105 
23 19 63 105 
48 17 40 105 
31 5 69 105 
51 25 29 105 
28 1 76 105 
82 19 4 105 
48 40 17 105 
37 0 68 105 
29 32 44 105 
6 54 45 105 
13 27 65 105 
69 3 33 105 
55 45 5 105 
21 32 52 105 
3 78 24 105 
51 43 11 105 
14 91 0 105 
34 31 40 105 
76 12 17 105 
55 42 8 105 
7 65 33 105 
15 88 2 105 
6 26 73 105 
22 56 27 105 
30 67 8 105 
38 35 32 105 
72 23 10 105 
44 36 25 105 
28 11 66 105 
47 19 39 105 
97 6 2 105 
6 26 73 105 
18 1 86 105 
16 60 30 106 
22 48 36 106 
9 92 5 106 
10 34 62 106 
34 17 55 106 
0 36 70 106 
1 16 89 106 
21 46 39 106 
68 32 6 106 
89 4 13 106 
16 51 39 106 
6 93 7 106 
11 35 60 106 
10 37 59 106 
11 7 88 106 
20 56 30 106 
57 43 6 106 
19 80 7 106 
38 27 41 106 
63 5 38 106 
33 36 37 106 
94 0 12 106 
7 90 9 106 
19 83 4 106 
39 21 46 106 
11 65 30 106 
41 20 45 106 
2 33 71 106 
37 56 13 106 
46 9 51 106 
24 33 49 106 
45 1 60 106 
39 38 29 106 
10 77 19 106 
36 32 38 106 
58 30 18 106 
19 83 5 107 
31 42 34 107 
21 32 54 107 
18 39 50 107 
26 1 80 107 
29 7 71 107 
61 28 18 107 
13 51 43 107 
33 55 19 107 
70 29 8 107 
27 76 4 107 
29 62 16 107 
59 28 20 107 
35 31 41 107 
58 32 17 107 
16 18 73 107 
54 42 11 107 
22 85 0 107 
53 15 39 107 
27 50 30 107 
12 68 27 107 
43 22 42 107 
43 64 0 107 
47 35 25 107 
17 18 72 107 
5 71 31 107 
80 20 7 107 
37 43 27 107 
40 35 32 107 
52 36 19 107 
21 85 1 107 
29 45 33 107 
27 36 44 107 
53 38 16 107 
73 5 29 107 
60 0 47 107 
43 22 42 107 
61 10 36 107 
53 5 49 107 
51 35 21 107 
21 76 10 107 
68 22 18 108 
13 46 49 108 
3 96 9 108 
25 74 9 108 
56 20 32 108 
22 45 41 108 
39 6 63 108 
23 2 83 108 
8 2 98 108 
8 9 91 108 
17 48 43 108 
63 22 23 108 
7 91 10 108 
6 9 93 108 
18 70 20 108 
0 19 89 108 
7 9 92 108 
9 86 13 108 
4 95 9 108 
28 67 13 108 
1 61 46 108 
4 37 67 108 
19 27 62 108 
15 12 81 108 
16 90 2 108 
69 1 38 108 
3 15 90 108 
19 27 62 108 
16 75 17 108 
8 30 70 108 
13 85 10 108 
32 69 7 108 
13 81 14 108 
19 75 15 109 
0 96 13 109 
6 85 18 109 
17 12 80 109 
54 0 55 109 
1 92 16 109 
35 61 13 109 
24 35 50 109 
43 21 45 109 
24 4 81 109 
5 77 27 109 
22 64 23 109 
61 7 41 109 
6 28 75 109 
2 98 9 109 
62 22 25 109 
41 8 60 109 
56 0 53 109 
43 45 21 109 
88 20 1 109 
31 18 60 109 
57 13 39 109 
12 16 81 109 
63 37 9 109 
30 74 5 109 
15 54 40 109 
82 8 19 109 
45 1 63 109 
56 51 2 109 
97 12 0 109 
0 54 55 109 
68 15 26 109 
32 41 36 109 
3 19 87 109 
85 1 24 110 
13 35 62 110 
12 93 5 110 
50 49 11 110 
21 70 19 110 
48 20 42 110 
18 58 34 110 
12 3 95 110 
87 13 10 110 
35 40 35 110 
11 83 16 110 
38 48 24 110 
90 16 4 110 
15 88 7 110 
31 20 59 110 
46 53 11 110 
13 88 9 110 
20 69 21 110 
2 25 83 110 
61 12 37 110 
34 16 60 110 
32 11 67 110 
8 24 78 110 
5 94 11 110 
64 32 14 110 
57 39 14 110 
21 38 51 110 
66 24 20 110 
27 46 37 110 
3 13 94 110 
70 2 38 110 
63 27 20 110 
46 37 27 110 
28 51 31 110 
21 29 60 110 
57 47 6 110 
69 12 29 110 
38 41 31 110 
27 69 14 110 
22 43 45 110 
10 80 20 110 
9 51 50 110 
49 24 37 110 
86 12 12 110 
25 79 6 110 
41 58 11 110 
21 3 87 111 
32 30 49 111 
1 92 18 111 
94 12 5 111 
78 2 31 111 
6 74 31 111 
53 3 55 111 
0 96 15 111 
80 13 18 111 
1 52 58 111 
16 30 65 111 
17 72 22 111 
22 8 81 111 
30 69 12 111 
45 58 8 111 
42 67 2 111 
16 12 83 111 
54 6 51 111 
2 11 98 111 
71 32 8 111 
28 4 79 111 
32 54 25 111 
43 25 43 111 
9 80 22 111 
0 28 83 111 
80 11 20 111 
14 0 97 111 
46 12 53 111 
6 42 63 111 
68 25 18 111 
0 73 38 111 
51 56 4 111 
57 1 53 111 
43 38 30 111 
3 49 59 111 
64 10 37 111 
43 24 44 111 
14 50 47 111 
29 70 12 111 
66 5 40 111 
63 47 2 112 
1 83 28 112 
40 31 41 112 
42 15 55 112 
17 19 76 112 
69 15 28 112 
30 63 19 112 
35 53 24 112 
7 40 65 112 
23 67 22 112 
8 49 55 112 
51 35 26 112 
57 6 49 112 
83 23 6 112 
51 36 25 112 
24 63 25 112 
1 38 73 112 
9 31 72 112 
27 20 65 112 
33 66 13 112 
28 11 73 112 
74 17 21 112 
25 87 0 112 
13 29 70 112 
78 7 27 112 
89 8 15 112 
27 36 49 112 
41 45 26 112 
45 45 22 112 
45 41 26 112 
72 36 4 112 
16 78 19 113 
3 42 68 113 
11 41 61 113 
54 29 30 113 
14 36 63 113 
23 52 38 113 
23 14 76 113 
13 26 74 113 
14 92 7 113 
12 94 7 113 
19 61 33 113 
14 32 67 113 
10 97 6 113 
59 32 22 113 
26 9 78 113 
75 8 30 113 
48 8 57 113 
80 29 4 113 
26 31 56 113 
48 55 10 113 
37 18 58 113 
70 20 23 113 
38 5 70 113 
23 72 18 113 
5 50 58 113 
42 57 14 113 
56 48 9 113 
23 0 90 113 
68 30 15 113 
22 25 66 113 
57 53 3 113 
35 58 20 113 
47 31 35 113 
68 45 0 113 
40 39 35 114 
54 55 5 114 
91 23 0 114 
55 17 42 114 
4 84 26 114 
86 25 3 114 
6 59 49 114 
10 61 43 114 
62 34 18 114 
1 68 45 114 
81 1 32 114 
21 40 53 114 
55 25 34 114 
10 56 48 114 
14 7 93 114 
47 62 5 114 
69 21 24 114 
20 91 3 114 
52 21 41 114 
7 28 79 114 
79 9 26 114 
37 49 28 114 
8 23 83 114 
0 73 41 114 
48 34 32 114 
32 32 50 114 
73 23 18 114 
20 45 49 114 
33 56 25 114 
17 92 5 114 
5 81 28 114 
17 12 85 114 
75 10 29 114 
29 19 66 114 
7 13 94 114 
87 8 19 114 
75 12 27 114 
21 48 45 114 
42 71 1 114 
65 13 36 114 
49 29 37 115 
55 37 23 115 
62 36 17 115 
90 5 20 115 
16 54 45 115 
13 5 97 115 
2 18 95 115 
13 84 18 115 
80 13 22 115 
70 35 10 115 
26 16 73 115 
11 12 92 115 
35 32 48 115 
85 6 24 115 
63 26 26 115 
19 74 22 115 
50 61 4 115 
59 14 42 115 
5 43 67 115 
42 65 8 115 
47 49 19 115 
12 27 76 115 
45 3 67 115 
27 0 88 115 
80 34 1 115 
14 9 92 115 
45 35 35 115 
83 27 5 115 
0 23 92 115 
6 36 73 115 
33 22 60 115 
66 20 29 115 
49 61 5 115 
6 90 19 115 
47 41 27 115 
39 32 44 115 
53 36 26 115 
16 23 76 115 
59 15 41 115 
30 2 83 115 
34 34 47 115 
40 38 38 116 
6 60 50 116 
69 11 36 116 
1 28 87 116 
38 7 71 116 
71 9 36 116 
26 42 48 116 
40 32 44 116 
48 0 68 116 
42 47 27 116 
77 27 12 116 
5 55 56 116 
25 68 23 116 
12 5 99 116 
37 14 65 116 
20 41 55 116 
69 25 22 116 
16 7 93 116 
14 94 8 116 
38 42 36 116 
73 38 5 116 
33 34 49 116 
65 9 42 116 
28 70 18 116 
52 64 0 116 
25 15 76 116 
13 33 70 116 
4 19 93 116 
77 3 36 116 
52 38 26 116 
86 26 4 116 
98 9 9 116 
10 42 64 116 
58 24 34 116 
24 86 6 116 
65 39 12 116 
85 7 24 116 
26 55 35 116 
45 11 60 116 
89 19 8 116 
34 21 61 116 
35 19 62 116 
37 38 41 116 
21 53 43 117 
86 12 19 117 
7 54 56 117 
25 45 47 117 
86 0 31 117 
27 7 83 117 
16 56 45 117 
67 5 45 117 
13 45 59 117 
56 27 34 117 
38 42 37 117 
53 49 15 117 
83 4 30 117 
7 60 50 117 
49 58 10 117 
19 10 88 117 
26 44 47 117 
3 95 19 117 
25 78 14 117 
23 83 11 117 
57 5 55 117 
41 9 67 117 
11 13 93 117 
15 33 69 117 
26 73 18 117 
58 42 17 117 
74 2 41 117 
20 17 80 117 
65 52 0 117 
2 21 94 117 
19 89 9 117 
68 42 7 117 
54 47 16 117 
69 36 12 117 
44 64 10 118 
43 75 0 118 
81 11 26 118 
73 34 11 118 
82 32 4 118 
7 54 57 118 
64 5 49 118 
8 82 28 118 
39 12 67 118 
95 18 5 118 
45 43 30 118 
30 44 44 118 
67 4 47 118 
57 15 46 118 
8 75 35 118 
51 58 9 118 
3 49 66 118 
73 26 19 118 
78 22 18 118 
6 37 75 118 
8 30 80 118 
92 3 23 118 
25 85 8 118 
42 68 8 118 
0 28 90 118 
45 18 55 118 
44 74 0 118 
25 77 16 118 
81 1 36 118 
36 9 73 118 
73 35 10 118 
14 18 86 118 
23 80 15 118 
47 29 42 118 
69 15 34 118 
26 82 11 119 
3 23 93 119 
11 84 24 119 
31 38 50 119 
62 53 4 119 
41 47 31 119 
78 37 4 119 
73 21 25 119 
78 13 28 119 
40 10 69 119 
73 1 45 119 
5 43 71 119 
60 7 52 119 
47 53 19 119 
48 34 37 119 
38 13 68 119 
20 3 96 119 
35 42 42 119 
32 59 28 119 
69 20 30 119 
97 12 10 119 
82 9 28 119 
29 2 88 119 
83 21 15 119 
58 61 0 119 
70 25 24 119 
27 61 31 119 
89 3 27 119 
44 33 42 119 
26 74 19 119 
14 68 37 119 
7 74 38 119 
94 5 20 119 
16 27 76 119 
71 15 33 119 
4 22 94 120 
34 60 26 120 
67 0 53 120 
22 70 28 120 
53 48 19 120 
8 54 58 120 
56 13 51 120 
42 44 34 120 
24 61 35 120 
19 73 28 120 
16 58 46 120 
74 23 23 120 
97 23 0 120 
0 44 76 120 
22 20 78 120 
30 72 18 120 
38 57 25 120 
70 30 20 120 
66 14 40 120 
40 20 60 120 
27 81 12 120 
22 28 70 120 
29 63 28 120 
15 42 63 120 
68 9 43 120 
48 32 40 120 
23 72 25 120 
66 6 48 120 
81 36 3 120 
18 38 64 120 
90 12 18 120 
24 14 82 120 
62 57 1 120 
22 33 65 120 
17 34 69 120 
88 19 13 120 
28 91 1 120 
92 4 24 120 
28 75 18 121 
75 44 2 121 
1 74 46 121 
31 90 0 121 
49 72 0 121 
27 14 80 121 
8 33 80 121 
36 70 15 121 
26 58 37 121 
65 24 32 121 
12 12 97 121 
13 59 49 121 
60 61 0 121 
46 74 1 121 
60 29 32 121 
18 38 65 121 
7 16 98 121 
60 38 23 121 
33 1 87 121 
68 42 11 121 
12 21 88 121 
30 77 14 121 
3 21 97 121 
91 18 12 121 
3 71 47 121 
30 42 49 121 
88 22 11 121 
20 84 17 121 
1 62 58 121 
37 6 78 121 
2 62 57 121 
18 45 58 121 
52 29 40 121 
18 15 88 121 
32 75 14 121 
81 20 20 121 
52 32 37 121 
54 5 62 121 
17 54 50 121 
88 28 5 121 
55 26 40 121 
39 6 76 121 
5 81 35 121 
11 92 18 121 
64 16 41 121 
31 6 84 121 
54 13 54 121 
49 38 34 121 
24 18 79 121 
49 14 58 121 
35 7 79 121 
18 87 16 121 
35 52 34 121 
64 3 54 121 
78 22 22 122 
67 39 16 122 
10 34 78 122 
79 30 13 122 
19 85 18 122 
21 60 41 122 
56 37 29 122 
55 60 7 122 
70 44 8 122 
9 71 42 122 
37 14 71 122 
44 65 13 122 
58 1 63 122 
27 65 30 122 
68 17 37 122 
28 57 37 122 
31 50 41 122 
80 11 31 122 
16 81 25 122 
98 17 7 122 
26 22 74 122 
51 35 36 122 
28 25 69 122 
22 39 61 122 
16 95 11 122 
4 80 38 122 
77 25 20 122 
44 29 49 122 
43 55 24 122 
1 86 35 122 
70 47 5 122 
58 33 31 122 
36 27 59 122 
30 90 2 122 
14 22 86 122 
12 86 24 122 
54 52 16 122 
22 28 72 122 
22 61 40 123 
76 16 31 123 
50 13 60 123 
18 81 24 123 
51 4 68 123 
11 13 99 123 
37 51 35 123 
45 27 51 123 
54 22 47 123 
43 6 74 123 
99 2 22 123 
77 29 17 123 
49 53 21 123 
22 73 28 123 
47 5 71 123 
29 88 6 123 
26 61 36 123 
93 13 17 123 
18 28 77 123 
54 40 29 123 
76 33 14 123 
45 54 24 123 
2 33 88 123 
43 59 21 123 
62 33 28 123 
87 10 26 123 
60 33 30 123 
72 21 30 123 
44 35 44 123 
48 33 42 123 
63 37 23 123 
20 6 97 123 
91 2 30 123 
84 23 16 123 
28 45 50 123 
7 89 27 123 
30 31 62 123 
49 35 39 123 
77 37 9 123 
67 23 33 123 
35 25 63 123 
44 16 63 123 
25 43 55 123 
81 3 39 123 
77 5 41 123 
1 57 66 124 
13 48 63 124 
63 33 28 124 
83 32 9 124 
17 16 91 124 
7 78 39 124 
62 24 38 124 
78 40 6 124 
72 8 44 124 
18 84 22 124 
85 19 20 124 
17 54 53 124 
36 48 40 124 
5 99 20 124 
56 20 48 124 
26 13 85 124 
61 39 24 124 
57 64 3 124 
71 11 42 124 
5 29 90 124 
33 6 85 124 
57 39 28 124 
24 82 18 124 
35 23 66 124 
28 88 8 124 
78 11 35 124 
60 58 6 124 
30 92 2 124 
93 13 18 124 
38 20 66 124 
48 3 73 124 
44 68 12 124 
33 56 35 124 
50 62 12 124 
80 5 39 124 
33 35 57 125 
73 36 16 125 
55 40 30 125 
82 2 41 125 
59 43 23 125 
24 62 39 125 
61 36 28 125 
90 20 15 125 
23 44 58 125 
28 46 51 125 
44 67 14 125 
55 7 63 125 
86 12 27 125 
31 74 20 125 
56 13 56 125 
6 60 59 125 
51 67 7 125 
67 41 17 125 
45 53 27 125 
58 34 33 125 
0 27 98 125 
13 34 78 125 
38 39 48 125 
79 40 6 125 
70 3 52 125 
6 20 99 125 
77 37 11 125 
23 62 40 125 
48 43 34 125 
32 58 35 125 
26 54 45 125 
56 6 63 125 
83 34 8 125 
80 33 12 125 
44 57 24 125 
56 47 22 125 
55 9 61 125 
2 69 54 125 
16 24 85 125 
31 53 41 125 
9 50 66 125 
78 18 29 125 
50 22 54 126 
32 23 71 126 
72 51 3 126 
35 80 11 126 
5 48 73 126 
83 11 32 126 
69 25 32 126 
97 2 27 126 
92 5 29 126 
71 47 8 126 
8 22 96 126 
23 89 14 126 
48 23 55 126 
37 13 76 126 
57 68 1 126 
35 13 78 126 
11 24 91 126 
48 72 6 126 
38 25 63 126 
73 42 11 126 
14 98 14 126 
2 97 27 126 
1 87 38 126 
39 27 60 126 
23 6 97 126 
35 42 49 126 
45 67 14 126 
14 62 50 126 
75 29 22 126 
12 96 18 126 
7 40 79 126 
50 63 13 126 
10 70 46 126 
22 95 9 126 
18 96 12 126 
49 30 47 126 
20 66 40 126 
28 66 32 126 
79 38 9 126 
50 40 36 126 
42 18 66 126 
82 14 30 126 
36 62 28 126 
44 51 31 126 
60 23 43 126 
70 1 55 126 
75 27 24 126 
1 82 43 126 
31 45 51 127 
55 69 3 127 
48 31 48 127 
28 27 72 127 
96 5 26 127 
58 6 63 127 
20 54 53 127 
14 42 71 127 
67 10 50 127 
11 25 91 127 
4 42 81 127 
81 33 13 127 
50 67 10 127 
60 20 47 127 
46 56 25 127 
18 58 51 127 
64 13 50 127 
31 68 28 127 
71 56 0 127 
24 87 16 127 
66 13 48 127 
28 90 9 127 
9 83 35 127 
54 9 64 127 
21 40 66 127 
60 39 28 127 
33 67 27 127 
89 6 32 127 
17 76 34 127 
25 88 14 127 
42 20 65 127 
5 98 24 127 
34 31 62 127 
36 78 13 127 
11 46 70 127 
33 22 72 127 
12 91 24 127 
1 36 90 127 
63 0 64 127 
33 17 77 127 
18 91 18 127 
12 69 46 127 
26 7 94 127 
77 47 4 128 
24 96 8 128 
45 78 5 128 
2 79 47 128 
11 88 29 128 
42 68 18 128 
56 40 32 128 
83 25 20 128 
18 38 72 128 
89 7 32 128 
48 26 54 128 
87 19 22 128 
31 42 55 128 
2 92 34 128 
86 30 12 128 
75 12 41 128 
94 18 16 128 
56 54 18 128 
10 32 86 128 
36 9 83 128 
2 64 62 128 
30 50 48 128 
79 38 11 128 
46 0 82 128 
84 42 2 128 
47 47 34 128 
22 85 21 128 
52 0 76 128 
21 30 77 128 
37 48 43 128 
15 57 56 128 
49 35 44 128 
18 32 78 128 
63 54 11 128 
60 2 66 128 
60 51 17 128 
1 94 33 128 
32 49 47 128 
28 1 99 128 
41 4 83 128 
43 62 23 128 
99 20 9 128 
31 17 80 128 
39 43 46 128 
74 22 33 129 
45 56 28 129 
33 40 56 129 
51 19 59 129 
29 14 86 129 
19 51 59 129 
32 6 91 129 
74 18 37 129 
71 17 41 129 
40 4 85 129 
28 12 89 129 
48 61 20 129 
51 2 76 129 
15 75 39 129 
8 98 23 129 
90 31 8 129 
26 63 40 129 
28 30 71 129 
40 12 77 129 
57 27 45 129 
61 9 59 129 
63 2 64 129 
79 36 14 129 
43 46 40 129 
0 59 70 129 
16 76 37 129 
85 37 7 129 
62 63 4 129 
13 25 91 129 
47 19 63 129 
6 91 32 129 
42 22 65 129 
56 40 33 129 
25 78 26 129 
92 9 28 129 
32 96 1 129 
73 20 36 129 
56 15 58 129 
12 20 97 129 
29 91 9 129 
43 39 47 129 
76 41 12 129 
17 43 69 129 
91 0 38 129 
85 8 36 129 
10 28 91 129 
89 23 17 129 
26 90 13 129 
93 7 29 129 
9 71 50 130 
4 72 54 130 
70 11 49 130 
64 35 31 130 
51 23 56 130 
50 52 28 130 
23 81 26 130 
68 39 23 130 
94 14 22 130 
27 30 73 130 
92 32 6 130 
16 53 61 130 
87 7 36 130 
78 6 46 130 
54 22 54 130 
80 26 24 130 
66 37 27 130 
63 66 1 130 
6 80 44 130 
33 5 92 130 
7 60 63 130 
29 73 28 130 
1 39 90 130 
24 63 43 130 
37 33 60 130 
84 31 15 130 
17 94 19 130 
71 59 0 130 
42 63 25 130 
89 5 36 130 
85 3 42 130 
82 19 29 130 
94 33 3 130 
35 49 46 130 
78 43 9 130 
56 26 48 130 
10 33 87 130 
22 83 25 130 
15 21 94 130 
23 96 11 130 
42 71 17 130 
9 39 82 130 
45 54 31 130 
57 48 25 130 
88 12 31 131 
32 6 93 131 
19 42 70 131 
42 79 10 131 
10 53 68 131 
80 11 40 131 
54 71 6 131 
35 35 61 131 
88 37 6 131 
57 33 41 131 
76 35 20 131 
26 76 29 131 
16 57 58 131 
36 87 8 131 
79 31 21 131 
27 9 95 131 
8 42 81 131 
87 29 15 131 
48 65 18 131 
52 71 8 131 
30 93 8 131 
24 29 78 131 
17 64 50 131 
20 84 27 131 
34 50 47 131 
26 28 77 131 
12 92 27 131 
13 87 31 131 
57 42 32 131 
92 26 13 131 
73 2 56 131 
96 29 6 131 
53 31 47 131 
11 33 87 131 
7 94 30 131 
49 58 24 131 
20 44 67 131 
4 40 87 131 
5 77 49 131 
33 22 76 131 
54 28 50 132 
21 81 30 132 
85 17 30 132 
57 45 30 132 
38 66 28 132 
84 29 19 132 
13 88 31 132 
4 78 50 132 
82 15 35 132 
8 75 49 132 
79 18 35 132 
29 17 86 132 
24 67 41 132 
48 25 59 132 
52 27 53 132 
66 2 64 132 
46 42 44 132 
91 20 21 132 
92 37 3 132 
44 41 47 132 
38 19 75 132 
39 82 11 132 
72 52 8 132 
7 69 56 132 
13 54 65 132 
44 60 28 132 
82 14 36 132 
45 47 40 132 
80 23 29 132 
60 1 71 132 
31 35 66 132 
17 46 69 132 
28 8 96 132 
56 63 13 132 
30 90 12 132 
36 69 27 132 
46 71 15 132 
30 26 76 132 
50 64 18 132 
75 36 21 132 
60 2 70 132 
33 7 92 132 
5 94 33 132 
19 50 63 132 
25 45 62 132 
49 64 19 132 
66 21 45 132 
51 17 64 132 
41 48 43 132 
92 31 9 132 
27 27 78 132 
12 51 69 132 
64 68 0 132 
39 56 37 132 
26 83 23 132 
25 43 65 133 
38 10 85 133 
31 40 62 133 
52 14 67 133 
26 16 91 133 
93 6 34 133 
64 5 64 133 
29 35 69 133 
44 82 7 133 
83 11 39 133 
21 36 76 133 
82 0 51 133 
51 1 81 133 
39 13 81 133 
98 18 17 133 
35 73 25 133 
69 18 46 133 
16 70 47 133 
31 99 3 133 
40 62 31 133 
94 39 0 133 
44 75 14 133 
7 83 43 133 
91 12 30 133 
64 67 2 133 
1 62 70 133 
50 30 53 133 
36 71 26 133 
44 74 15 133 
47 70 16 133 
28 29 76 133 
19 55 59 133 
31 77 25 133 
35 22 76 133 
85 1 47 133 
81 1 51 133 
65 24 44 133 
70 20 43 133 
70 51 12 133 
26 19 88 133 
86 46 1 133 
43 8 82 133 
19 42 72 133 
36 59 38 133 
49 72 12 133 
64 61 8 133 
45 39 49 133 
80 10 43 133 
33 7 93 133 
33 30 70 133 
34 4 96 134 
58 1 75 134 
53 4 77 134 
48 16 70 134 
53 2 79 134 
26 33 75 134 
87 40 7 134 
7 74 53 134 
90 28 16 134 
99 18 17 134 
39 53 42 134 
7 53 74 134 
75 28 31 134 
13 44 77 134 
15 42 77 134 
99 6 29 134 
60 63 11 134 
78 0 56 134 
57 27 50 134 
6 50 78 134 
35 4 95 134 
62 66 6 134 
58 7 69 134 
47 86 1 134 
13 79 42 134 
7 74 53 134 
44 32 58 134 
98 0 36 134 
95 29 10 134 
53 69 12 134 
35 29 70 134 
9 51 74 134 
55 5 74 134 
44 79 11 134 
20 29 85 134 
4 61 69 134 
33 38 63 134 
18 84 32 134 
66 61 7 134 
53 53 28 134 
75 35 24 134 
53 17 64 134 
24 72 38 134 
43 86 5 134 
55 75 4 134 
29 26 79 134 
37 40 57 134 
54 30 50 134 
95 30 9 134 
43 9 82 134 
11 32 91 134 
31 93 10 134 
57 4 73 134 
35 2 97 134 
6 76 52 134 
59 60 15 134 
30 14 90 134 
63 3 68 134 
21 32 82 135 
30 78 27 135 
61 30 44 135 
12 94 29 135 
60 72 3 135 
48 37 50 135 
16 91 28 135 
18 70 47 135 
61 50 24 135 
10 53 72 135 
15 38 82 135 
92 31 12 135 
59 57 19 135 
34 66 35 135 
35 97 3 135 
29 64 42 135 
92 9 34 135 
58 15 62 135 
25 22 88 135 
48 54 33 135 
72 11 52 135 
2 67 66 135 
73 33 29 135 
31 71 33 135 
8 29 98 135 
96 32 7 135 
31 97 7 135 
97 20 18 135 
41 87 7 135 
50 45 41 136 
9 42 85 136 
11 43 82 136 
28 13 95 136 
10 74 52 136 
13 62 61 136 
19 75 42 136 
78 52 6 136 
61 6 69 136 
51 71 14 136 
66 8 62 136 
59 38 39 136 
78 14 44 136 
45 19 72 136 
34 52 50 136 
24 38 74 136 
12 68 56 136 
99 23 14 136 
38 14 84 136 
51 32 53 136 
11 41 84 136 
14 61 61 136 
40 17 79 136 
45 70 21 136 
2 66 68 136 
98 34 4 136 
43 59 34 136 
91 24 21 136 
89 15 32 136 
50 80 6 136 
32 84 20 136 
24 84 28 136 
26 91 19 136 
11 31 94 136 
29 34 73 136 
34 54 48 136 
12 71 53 136 
45 77 14 136 
96 18 22 136 
38 91 7 136 
46 84 6 136 
25 19 92 136 
42 65 29 136 
39 29 68 136 
94 32 11 137 
60 17 60 137 
88 44 5 137 
46 69 22 137 
74 44 19 137 
33 18 86 137 
71 26 40 137 
28 85 24 137 
42 79 16 137 
48 9 80 137 
77 49 11 137 
40 63 34 137 
59 2 76 137 
55 45 37 137 
39 69 29 137 
98 10 29 137 
43 94 0 137 
64 66 7 137 
99 0 38 137 
26 35 76 137 
33 71 33 137 
22 19 96 137 
46 52 39 137 
17 96 24 137 
76 42 19 137 
82 53 2 137 
74 20 43 137 
52 39 46 137 
34 79 24 137 
4 42 91 137 
20 35 82 137 
54 31 52 137 
88 6 43 137 
35 5 97 137 
10 53 74 137 
58 41 38 137 
77 34 26 137 
33 11 93 137 
75 52 10 137 
35 22 80 137 
91 25 21 137 
19 55 63 137 
55 46 36 137 
39 87 11 137 
17 40 80 137 
66 13 58 137 
40 3 95 138 
14 57 67 138 
59 6 73 138 
76 44 18 138 
71 12 55 138 
1 88 49 138 
69 42 27 138 
93 3 42 138 
59 2 77 138 
55 19 64 138 
49 88 1 138 
12 28 98 138 
13 54 71 138 
27 35 76 138 
20 20 98 138 
36 23 79 138 
56 64 18 138 
42 82 14 138 
4 56 78 138 
25 16 97 138 
2 50 86 138 
50 87 1 138 
49 18 71 138 
56 77 5 138 
92 28 18 138 
19 83 36 138 
99 12 27 138 
95 32 11 138 
57 12 69 138 
73 5 60 138 
36 58 44 138 
55 31 52 138 
33 8 97 138 
44 51 43 138 
30 42 66 138 
21 58 59 138 
19 71 48 138 
57 55 27 139 
18 70 51 139 
15 34 90 139 
48 74 17 139 
14 76 49 139 
57 15 67 139 
0 97 42 139 
60 46 33 139 
76 38 25 139 
19 23 97 139 
43 24 72 139 
33 51 55 139 
79 34 26 139 
7 72 60 139 
13 51 75 139 
79 26 34 139 
21 60 58 139 
37 73 29 139 
22 28 89 139 
50 9 80 139 
72 59 8 139 
29 45 65 139 
46 16 77 139 
42 47 50 139 
32 70 37 139 
75 57 7 139 
78 35 26 139 
50 77 12 139 
91 15 33 139 
52 64 23 139 
23 97 19 139 
24 18 97 139 
61 77 1 139 
64 38 37 139 
33 20 86 139 
15 95 29 139 
23 22 94 139 
22 66 51 139 
67 9 63 139 
34 42 63 139 
24 59 56 139 
0 78 61 139 
46 68 25 139 
36 63 40 139 
64 24 51 139 
0 76 64 140 
74 52 14 140 
44 67 29 140 
73 41 26 140 
81 20 39 140 
16 39 85 140 
45 90 5 140 
53 6 81 140 
55 52 33 140 
2 82 56 140 
45 3 92 140 
8 61 71 140 
0 65 75 140 
37 47 56 140 
48 42 50 140 
61 39 40 140 
27 81 32 140 
47 24 69 140 
56 69 15 140 
14 59 67 140 
18 88 34 140 
27 44 69 140 
25 71 44 140 
56 19 65 140 
27 42 71 140 
44 73 23 140 
46 74 20 140 
18 55 67 140 
75 9 56 140 
8 85 47 140 
21 94 25 140 
49 38 53 140 
47 45 48 140 
8 86 46 140 
49 83 8 140 
67 29 44 140 
63 56 21 140 
32 64 44 140 
58 54 28 140 
71 37 32 140 
53 14 73 140 
25 68 47 140 
3 42 95 140 
82 10 48 140 
16 39 85 140 
85 44 11 140 
37 93 11 141 
96 28 17 141 
65 14 62 141 
58 15 68 141 
46 82 13 141 
14 65 62 141 
16 63 62 141 
49 0 92 141 
46 14 81 141 
60 26 55 141 
70 19 52 141 
57 23 61 141 
7 81 53 141 
30 54 57 141 
32 84 25 141 
62 55 24 141 
90 2 49 141 
54 63 24 141 
28 72 41 141 
39 81 21 141 
3 43 95 141 
38 43 60 141 
63 41 37 141 
67 39 35 141 
35 47 59 141 
64 21 56 141 
19 75 47 141 
30 99 12 141 
43 56 42 141 
38 65 38 141 
2 76 63 141 
71 13 57 141 
84 32 25 141 
24 86 31 141 
41 92 8 141 
53 57 31 141 
75 63 3 141 
40 85 16 141 
15 63 63 141 
84 35 22 141 
85 39 17 141 
27 59 56 142 
31 99 12 142 
50 89 3 142 
32 39 71 142 
24 85 33 142 
42 69 31 142 
35 50 57 142 
93 17 32 142 
50 58 34 142 
86 14 42 142 
47 75 20 142 
69 40 33 142 
37 46 59 142 
51 32 59 142 
24 72 46 142 
79 60 3 142 
36 25 81 142 
79 49 14 142 
61 21 60 142 
11 58 73 142 
39 5 98 142 
13 40 89 142 
24 57 61 142 
31 24 87 142 
75 46 21 142 
73 45 24 142 
14 69 59 142 
83 42 17 142 
92 3 47 142 
57 67 18 142 
93 23 26 142 
10 91 41 142 
33 29 80 142 
3 41 98 142 
48 9 85 142 
0 62 80 142 
28 92 22 142 
45 12 85 142 
65 15 62 142 
26 79 37 142 
84 50 8 142 
78 40 25 143 
18 83 42 143 
23 70 50 143 
83 46 14 143 
31 90 22 143 
64 55 24 143 
24 99 20 143 
2 93 48 143 
41 10 92 143 
99 3 41 143 
59 57 27 143 
77 9 57 143 
13 98 32 143 
4 68 71 143 
80 57 6 143 
69 6 68 143 
57 36 50 143 
71 12 60 143 
31 35 77 143 
63 10 70 143 
71 27 45 143 
43 66 34 143 
41 39 63 143 
17 57 69 143 
22 75 46 143 
32 26 85 143 
89 19 35 143 
52 28 63 143 
96 41 6 143 
79 29 35 143 
39 35 69 143 
27 32 84 143 
43 8 92 143 
79 37 27 143 
33 77 33 143 
91 43 9 143 
39 60 44 143 
79 9 55 143 
29 36 78 143 
27 57 59 143 
64 36 43 143 
11 83 49 143 
51 51 41 143 
91 6 46 143 
43 24 76 143 
42 79 22 143 
75 30 39 144 
14 40 90 144 
33 93 18 144 
80 0 64 144 
21 41 82 144 
45 37 62 144 
22 63 59 144 
20 57 67 144 
82 22 40 144 
33 22 89 144 
86 56 2 144 
44 17 83 144 
66 48 30 144 
53 35 56 144 
95 49 0 144 
80 36 28 144 
13 61 70 144 
35 38 71 144 
1 64 79 144 
63 19 62 144 
24 41 79 144 
8 63 73 144 
88 18 38 144 
55 87 2 144 
66 68 10 144 
74 51 19 144 
68 55 21 144 
51 7 86 144 
37 98 9 144 
0 48 96 144 
55 64 25 144 
54 55 35 144 
34 47 63 144 
16 82 46 144 
30 25 89 144 
49 57 38 144 
74 66 4 144 
33 47 64 144 
58 11 75 144 
43 65 36 144 
1 48 95 144 
31 81 32 144 
51 78 15 144 
11 83 50 144 
62 22 60 144 
64 28 52 144 
26 45 73 144 
28 20 96 144 
24 89 31 144 
66 76 2 144 
63 25 56 144 
93 8 43 144 
5 90 49 144 
68 22 54 144 
91 30 23 144 
58 27 60 145 
38 23 84 145 
39 15 91 145 
0 97 48 145 
97 25 23 145 
49 70 26 145 
36 22 87 145 
22 85 38 145 
50 37 58 145 
46 40 59 145 
26 48 71 145 
19 35 91 145 
35 80 30 145 
49 2 94 145 
33 75 37 145 
96 38 11 145 
87 52 6 145 
79 47 19 145 
33 80 32 145 
99 11 35 145 
11 57 77 145 
63 56 27 146 
38 34 74 146 
53 75 18 146 
64 23 59 146 
26 42 78 146 
32 40 74 146 
6 88 52 146 
75 46 25 146 
15 95 36 146 
15 85 46 146 
63 53 30 146 
33 30 83 146 
36 43 67 146 
32 61 53 146 
25 70 51 146 
64 51 31 146 
24 50 72 146 
0 88 58 146 
84 58 4 146 
65 33 48 146 
48 30 68 146 
78 35 33 146 
83 59 4 146 
59 46 41 146 
64 43 39 146 
20 39 87 146 
10 76 60 146 
29 84 33 146 
28 60 58 146 
13 34 99 146 
84 62 0 146 
46 70 30 146 
69 74 3 146 
27 95 24 146 
84 62 0 146 
8 98 40 146 
58 63 25 146 
69 51 26 146 
32 25 89 146 
30 45 71 146 
51 75 20 146 
72 31 43 146 
68 20 58 146 
67 35 45 147 
56 55 36 147 
62 73 12 147 
16 75 56 147 
47 6 94 147 
33 48 66 147 
5 70 72 147 
79 53 15 147 
16 95 36 147 
71 19 57 147 
94 25 28 147 
69 44 34 147 
46 7 94 147 
80 4 63 147 
55 22 70 147 
19 56 72 147 
2 55 90 147 
57 38 52 147 
7 74 66 147 
62 37 48 147 
48 48 51 147 
61 8 78 147 
84 23 40 147 
11 83 53 147 
82 54 11 147 
92 27 28 147 
53 56 38 147 
45 25 77 147 
6 44 97 147 
53 16 78 147 
40 22 85 147 
13 92 42 147 
96 24 27 147 
28 55 64 147 
47 91 9 147 
18 90 39 147 
16 51 80 147 
90 30 27 147 
4 59 84 147 
82 3 62 147 
87 22 39 148 
47 6 95 148 
6 51 91 148 
54 19 75 148 
55 82 11 148 
48 29 71 148 
73 4 71 148 
19 88 41 148 
58 54 36 148 
66 15 67 148 
69 47 32 148 
39 83 26 148 
17 94 37 148 
70 68 10 148 
19 35 94 148 
66 61 21 148 
88 22 38 148 
72 22 54 148 
23 39 86 148 
83 13 52 148 
93 5 50 148 
55 18 75 148 
57 14 77 148 
37 48 63 148 
37 42 69 148 
4 88 56 148 
53 63 32 148 
3 95 50 148 
88 39 21 148 
16 81 51 148 
52 15 81 148 
37 25 86 148 
7 72 69 148 
41 92 15 148 
56 18 74 148 
65 56 27 148 
13 62 73 148 
71 18 59 148 
6 74 68 148 
61 12 75 148 
94 21 34 149 
96 6 47 149 
9 82 58 149 
7 56 86 149 
76 6 67 149 
73 38 38 149 
89 6 54 149 
55 38 56 149 
45 73 31 149 
49 87 13 149 
37 74 38 149 
81 63 5 149 
54 50 45 149 
65 83 1 149 
33 37 79 149 
51 4 94 149 
75 6 68 149 
83 13 53 149 
17 38 94 149 
73 9 67 149 
79 36 34 149 
83 35 31 149 
68 80 1 149 
23 55 71 149 
21 63 65 149 
67 56 26 149 
72 55 22 149 
17 86 46 149 
58 17 74 149 
37 91 21 149 
85 49 15 149 
51 55 43 149 
48 95 6 149 
41 24 84 149 
35 51 63 149 
42 36 71 149 
71 45 33 149 
56 29 64 149 
50 17 82 149 
37 79 33 149 
94 22 33 149 
12 99 38 149 
39 22 88 149 
81 49 19 149 
71 48 30 149 
36 63 50 149 
21 41 87 149 
75 64 10 149 
91 55 3 149 
80 12 57 149 
5 81 63 149 
18 83 48 149 
18 79 52 149 
25 25 99 149 
45 42 62 149 
42 74 34 150 
48 74 28 150 
30 27 93 150 
99 49 2 150 
56 22 72 150 
6 74 70 150 
56 84 10 150 
47 82 21 150 
42 80 28 150 
24 90 36 150 
33 55 62 150 
68 3 79 150 
53 60 37 150 
18 98 34 150 
10 74 66 150 
41 33 76 150 
12 71 67 150 
60 60 30 150 
41 93 16 150 
62 73 15 150 
38 13 99 150 
14 63 73 150 
83 0 67 150 
75 6 69 150 
16 69 65 150 
12 89 49 150 
83 60 7 150 
50 82 18 150 
65 23 62 150 
59 81 10 150 
64 6 80 150 
15 89 46 150 
86 24 40 150 
48 91 11 150 
32 78 40 150 
44 28 78 150 
13 46 91 150 
86 24 40 150 
72 43 35 150 
48 92 10 150 
76 25 49 150 
11 57 82 150 
65 63 22 150 
55 65 30 150 
57 91 3 151 
72 56 23 151 
47 66 38 151 
81 52 18 151 
83 7 61 151 
52 24 75 151 
78 7 66 151 
78 6 67 151 
49 92 10 151 
42 99 10 151 
66 65 20 151 
80 32 39 151 
84 55 12 151 
9 90 52 151 
24 59 68 151 
31 86 34 151 
55 67 29 151 
52 78 21 151 
7 58 86 151 
28 24 99 151 
3 93 55 151 
27 90 34 151 
70 7 74 151 
46 84 21 151 
14 60 77 151 
20 93 38 151 
81 35 35 151 
90 6 55 151 
69 38 44 151 
96 20 35 151 
59 29 63 151 
66 47 38 151 
91 29 31 151 
95 16 40 151 
20 73 58 151 
22 71 58 151 
48 31 72 151 
86 29 36 151 
36 72 43 151 
43 53 55 151 
51 87 13 151 
40 52 59 151 
43 10 98 151 
24 76 51 151 
56 58 37 151 
77 66 8 151 
1 94 56 151 
38 24 90 152 
65 67 20 152 
67 81 4 152 
67 7 78 152 
62 13 77 152 
61 12 79 152 
33 76 43 152 
40 47 65 152 
73 66 13 152 
16 91 45 152 
58 54 40 152 
43 39 70 152 
10 47 95 152 
42 87 23 152 
20 42 90 152 
42 34 76 152 
18 40 94 152 
70 64 18 152 
54 61 37 152 
18 88 46 152 
79 32 41 152 
60 60 32 152 
42 84 26 152 
7 69 76 152 
59 90 3 152 
89 17 46 152 
58 10 84 152 
92 24 36 152 
1 83 69 153 
31 91 31 153 
10 70 73 153 
53 79 21 153 
59 74 20 153 
55 83 15 153 
44 90 19 153 
96 47 10 153 
91 34 28 153 
44 16 93 153 
43 71 39 153 
13 80 60 153 
30 82 41 153 
21 98 34 153 
54 55 44 153 
44 13 96 153 
41 50 62 153 
50 70 33 153 
56 1 96 153 
51 28 74 153 
44 52 57 153 
1 67 85 153 
4 83 66 153 
90 33 30 153 
35 38 80 153 
85 25 43 153 
77 13 63 153 
90 25 38 153 
51 66 36 153 
2 59 92 153 
79 14 60 153 
47 84 22 153 
54 63 36 153 
91 28 34 153 
8 83 62 153 
29 93 31 153 
87 56 10 153 
35 92 26 153 
80 22 51 153 
80 28 45 153 
46 79 28 153 
34 86 33 153 
84 43 27 154 
47 57 50 154 
83 31 40 154 
44 72 38 154 
83 24 47 154 
82 14 58 154 
37 56 61 154 
68 81 5 154 
31 71 52 154 
99 12 43 154 
97 21 36 154 
36 68 50 154 
28 94 32 154 
65 22 67 154 
29 77 48 154 
87 63 4 154 
27 47 80 154 
88 40 26 154 
95 43 16 154 
52 35 67 154 
68 51 35 154 
7 79 68 154 
56 28 70 154 
74 19 61 154 
1 60 93 154 
45 14 95 154 
57 20 77 154 
64 60 30 154 
87 48 19 154 
24 88 42 154 
45 15 94 154 
63 51 40 154 
93 3 58 154 
85 29 41 155 
59 33 63 155 
58 54 43 155 
61 30 64 155 
72 60 23 155 
35 32 88 155 
42 71 42 155 
65 49 41 155 
60 84 11 155 
50 15 90 155 
4 53 98 155 
77 8 70 155 
93 36 26 155 
86 16 53 155 
55 4 96 155 
81 24 50 155 
17 97 41 155 
53 47 55 155 
31 39 85 155 
37 65 53 155 
38 20 97 155 
99 41 15 155 
67 80 8 155 
51 49 55 155 
43 35 77 155 
87 34 34 155 
41 30 84 155 
33 99 23 155 
31 45 79 155 
71 46 38 155 
23 99 33 155 
35 37 83 155 
30 68 57 155 
43 71 41 155 
27 39 89 155 
98 42 15 155 
41 36 78 155 
72 52 31 155 
80 0 75 155 
42 97 16 155 
60 40 55 155 
29 50 76 155 
20 82 54 156 
49 61 46 156 
65 18 73 156 
67 50 39 156 
37 49 70 156 
32 49 75 156 
1 89 66 156 
58 28 70 156 
93 29 34 156 
66 3 87 156 
18 98 40 156 
80 73 3 156 
50 21 85 156 
16 96 44 156 
21 61 74 156 
64 66 26 156 
25 38 93 156 
29 92 35 156 
82 5 69 156 
35 56 65 156 
48 94 14 156 
32 39 85 156 
94 51 11 156 
66 12 78 156 
73 13 70 156 
78 3 75 156 
20 71 65 156 
56 90 10 156 
19 58 79 156 
88 15 53 156 
68 27 61 156 
58 42 56 156 
71 45 40 156 
62 56 38 156 
65 44 47 156 
86 60 10 156 
63 15 78 156 
54 17 85 156 
63 78 15 156 
14 80 62 156 
49 57 50 156 
66 5 85 156 
52 94 10 156 
61 13 82 156 
47 56 53 156 
91 7 58 156 
58 43 55 156 
74 82 0 156 
22 36 98 156 
72 25 59 156 
80 55 22 157 
10 73 74 157 
10 48 99 157 
54 55 48 157 
17 79 61 157 
2 75 80 157 
63 52 42 157 
4 91 62 157 
62 60 35 157 
45 55 57 157 
38 98 21 157 
26 47 84 157 
66 12 79 157 
44 30 83 157 
55 42 60 157 
58 75 24 157 
58 14 85 157 
56 45 56 157 
53 32 72 157 
14 44 99 157 
86 70 1 157 
21 42 94 157 
88 47 22 157 
79 5 73 157 
81 68 8 157 
86 16 55 157 
40 58 59 157 
56 74 27 157 
70 2 85 157 
65 55 37 157 
71 70 16 157 
14 81 62 157 
68 25 64 157 
48 13 96 157 
75 74 8 157 
47 13 97 157 
61 96 0 157 
36 73 48 157 
34 82 41 157 
37 60 60 157 
40 36 81 157 
74 50 33 157 
62 19 77 158 
10 63 85 158 
61 42 55 158 
75 43 40 158 
53 47 58 158 
45 21 92 158 
50 35 73 158 
30 51 77 158 
71 5 82 158 
92 66 0 158 
72 40 46 158 
74 82 2 158 
14 90 54 158 
74 12 72 158 
59 65 34 158 
45 48 65 158 
83 51 24 158 
53 12 93 158 
2 80 76 158 
42 17 99 158 
28 59 71 158 
90 19 49 158 
82 21 55 158 
83 61 14 158 
76 57 25 158 
28 59 71 158 
87 65 6 158 
44 30 84 158 
28 82 48 158 
78 59 21 158 
45 72 41 158 
73 2 83 158 
57 95 6 158 
62 23 73 158 
47 86 25 158 
13 86 59 158 
69 87 2 158 
49 89 20 158 
70 29 59 158 
11 52 95 158 
20 92 46 158 
97 39 22 158 
76 11 71 158 
36 67 55 158 
12 60 86 158 
67 83 9 159 
57 34 68 159 
66 92 1 159 
76 43 40 159 
75 78 6 159 
41 90 28 159 
92 6 61 159 
84 43 32 159 
60 63 36 159 
42 69 48 159 
5 79 75 159 
64 22 73 159 
91 56 12 159 
29 53 77 159 
29 81 49 159 
65 86 8 159 
51 50 58 159 
50 60 49 159 
74 68 17 159 
25 91 43 159 
72 53 34 159 
56 71 32 159 
23 94 42 159 
48 18 93 159 
73 31 55 159 
86 14 59 159 
13 67 79 159 
40 39 80 159 
28 81 50 159 
49 14 96 159 
51 71 37 159 
71 68 20 159 
37 78 44 159 
99 18 42 159 
55 76 28 159 
76 34 49 159 
94 32 33 159 
37 55 67 159 
68 77 14 159 
33 48 78 159 
78 21 60 159 
36 48 75 159 
80 72 7 159 
57 59 43 159 
2 90 67 159 
27 48 84 159 
50 77 32 159 
9 64 86 159 
59 6 94 159 
44 55 60 159 
60 74 25 159 
92 21 46 159 
56 29 74 159 
18 66 75 159 
58 40 61 159 
49 62 49 160 
52 31 77 160 
71 43 46 160 
20 91 49 160 
48 19 93 160 
52 28 80 160 
60 7 93 160 
12 88 60 160 
26 57 77 160 
41 73 46 160 
32 56 72 160 
44 52 64 160 
77 48 35 160 
9 87 64 160 
56 21 83 160 
1 99 60 160 
64 17 79 160 
25 64 71 160 
52 12 96 160 
50 29 81 160 
22 86 52 160 
92 62 6 160 
26 88 46 160 
60 62 38 160 
68 17 75 160 
46 56 58 160 
45 50 65 160 
77 36 47 160 
79 15 66 160 
83 73 4 160 
70 5 85 160 
92 54 14 160 
90 36 34 160 
54 51 55 160 
89 9 62 160 
26 53 81 160 
60 20 80 160 
68 32 60 160 
94 17 50 161 
25 54 82 161 
20 98 43 161 
76 50 35 161 
15 54 92 161 
35 97 29 161 
71 40 50 161 
97 14 50 161 
90 43 28 161 
54 28 79 161 
47 72 42 161 
91 59 11 161 
23 78 60 161 
32 60 69 161 
71 86 4 161 
98 31 32 161 
97 35 29 161 
31 50 80 161 
56 36 69 161 
35 73 53 161 
4 88 69 161 
25 86 50 161 
53 32 76 161 
92 1 68 161 
30 43 88 161 
67 24 70 161 
74 50 37 161 
34 67 60 161 
33 71 57 161 
78 82 1 161 
8 64 89 161 
17 73 71 161 
97 19 45 161 
58 80 23 161 
24 73 64 161 
61 17 83 161 
75 43 43 161 
51 59 51 161 
55 21 85 161 
2 63 96 161 
69 16 76 161 
72 56 33 161 
47 41 73 161 
27 90 44 161 
44 75 42 161 
33 46 82 161 
76 49 36 161 
78 68 15 161 
90 29 42 161 
39 66 56 161 
67 46 48 161 
36 78 48 162 
77 79 6 162 
65 65 32 162 
79 55 28 162 
29 54 79 162 
53 62 47 162 
79 56 27 162 
92 61 9 162 
94 7 61 162 
58 61 43 162 
24 99 39 162 
92 55 15 162 
97 58 7 162 
60 13 89 162 
89 10 63 162 
24 81 57 162 
20 60 82 162 
24 50 88 162 
76 1 85 162 
91 38 33 162 
73 24 65 162 
79 8 75 162 
6 82 74 162 
80 15 67 162 
58 94 10 162 
35 59 68 162 
46 98 18 162 
71 66 25 162 
24 39 99 162 
1 82 79 162 
66 90 6 162 
72 77 13 162 
50 20 92 162 
81 77 4 162 
43 47 72 162 
81 46 35 162 
81 46 35 162 
31 70 61 162 
67 36 59 162 
44 55 63 162 
50 80 33 163 
44 81 38 163 
42 29 92 163 
59 18 86 163 
40 70 53 163 
27 96 40 163 
13 77 73 163 
77 62 24 163 
42 93 28 163 
84 45 34 163 
32 65 66 163 
66 6 91 163 
79 25 59 163 
11 97 55 163 
77 13 73 163 
38 28 97 163 
93 12 58 163 
12 87 64 163 
44 37 82 163 
86 27 50 163 
69 30 64 163 
61 34 68 163 
68 65 30 163 
76 36 51 163 
75 51 37 163 
18 72 73 163 
36 35 92 163 
74 36 53 163 
39 58 66 163 
29 78 56 163 
85 54 24 163 
64 14 85 163 
78 57 28 163 
28 56 79 163 
61 76 26 163 
39 63 61 163 
95 27 41 163 
46 99 19 164 
17 62 85 164 
72 10 82 164 
12 61 91 164 
38 95 31 164 
73 29 62 164 
51 45 68 164 
49 92 23 164 
98 15 51 164 
57 45 62 164 
55 99 10 164 
42 62 60 164 
61 95 8 164 
49 69 46 164 
42 64 58 164 
21 82 61 164 
56 66 42 164 
81 27 56 164 
18 47 99 164 
24 78 62 164 
41 99 24 164 
4 74 86 164 
49 54 61 164 
90 53 21 164 
51 51 62 164 
40 67 57 164 
52 61 51 164 
27 50 87 164 
75 44 45 164 
2 71 91 164 
4 64 96 164 
58 9 97 164 
75 37 52 164 
30 73 61 164 
74 84 6 164 
56 27 81 164 
20 89 55 164 
57 48 59 164 
10 69 85 164 
8 73 83 164 
62 99 3 164 
99 23 42 164 
46 57 61 164 
65 12 87 164 
3 95 66 164 
29 74 61 164 
55 62 48 165 
32 40 93 165 
31 98 36 165 
2 67 96 165 
37 78 50 165 
41 31 93 165 
23 71 71 165 
50 16 99 165 
26 88 51 165 
58 20 87 165 
54 64 47 165 
80 67 18 165 
89 59 17 165 
73 60 32 165 
64 30 71 165 
55 37 73 165 
0 96 69 165 
13 90 62 165 
67 62 36 165 
86 30 49 165 
69 37 59 165 
95 40 30 165 
58 75 32 165 
36 99 30 165 
77 0 88 165 
43 42 80 165 
22 98 45 165 
12 57 96 165 
36 33 96 165 
59 75 31 165 
35 88 42 165 
71 37 57 165 
77 25 63 165 
30 58 77 165 
25 86 54 165 
29 57 79 165 
88 28 49 165 
48 48 69 165 
11 70 84 165 
48 58 59 165 
84 33 48 165 
84 19 62 165 
0 71 94 165 
77 19 69 165 
46 67 52 165 
81 73 11 165 
33 44 88 165 
74 16 75 165 
85 30 50 165 
23 96 46 165 
53 79 33 165 
82 72 11 165 
18 74 73 165 
77 89 0 166 
39 42 85 166 
48 40 78 166 
97 42 27 166 
84 64 18 166 
94 14 58 166 
15 78 73 166 
42 49 75 166 
48 44 74 166 
57 86 23 166 
25 57 84 166 
41 32 93 166 
69 54 43 166 
51 60 55 166 
74 92 0 166 
35 35 96 166 
34 78 54 166 
89 15 62 166 
59 86 21 166 
83 26 57 166 
8 78 80 166 
55 81 30 166 
94 12 60 166 
85 8 73 166 
11 60 95 166 
8 77 81 166 
81 69 16 166 
90 54 22 166 
68 85 13 166 
1 85 80 166 
99 62 5 166 
69 97 0 166 
4 82 80 166 
33 57 76 166 
67 13 86 166 
24 85 57 166 
45 29 92 166 
34 53 79 166 
41 97 28 166 
70 81 15 166 
59 46 61 166 
82 47 37 166 
14 87 65 166 
45 44 77 166 
88 3 75 166 
70 67 29 166 
87 28 51 166 
6 89 71 166 
14 80 72 166 
5 66 95 166 
7 87 72 166 
68 68 31 167 
52 59 56 167 
58 13 96 167 
56 29 82 167 
97 27 43 167 
83 26 58 167 
65 34 68 167 
89 4 74 167 
24 96 47 167 
99 3 65 167 
35 45 87 167 
71 66 30 167 
72 28 67 167 
31 42 94 167 
48 63 56 167 
20 77 70 167 
68 88 11 167 
55 56 56 167 
78 35 54 167 
81 78 8 167 
15 59 93 167 
64 86 17 167 
44 73 50 167 
12 58 97 167 
97 24 46 167 
21 50 96 167 
82 25 60 167 
96 36 35 167 
88 51 28 167 
93 38 36 167 
58 20 89 167 
57 71 39 167 
70 87 10 167 
41 43 83 167 
54 92 21 167 
38 38 91 167 
87 6 74 167 
70 78 19 167 
90 47 30 167 
50 79 38 167 
89 3 75 167 
58 88 21 167 
81 81 5 167 
34 88 45 167 
71 95 2 168 
42 48 78 168 
15 63 90 168 
61 83 24 168 
99 31 38 168 
73 29 66 168 
73 93 2 168 
72 19 77 168 
35 34 99 168 
84 8 76 168 
72 82 14 168 
84 67 17 168 
46 24 98 168 
37 91 40 168 
42 68 58 168 
66 37 65 168 
57 99 12 168 
22 71 75 168 
76 28 64 168 
47 67 54 168 
68 27 73 168 
85 1 82 168 
8 97 63 168 
91 54 23 168 
91 33 44 168 
39 76 53 168 
25 56 87 168 
59 72 37 168 
54 29 85 168 
89 58 21 168 
45 95 28 168 
36 56 76 168 
98 15 55 168 
11 58 99 168 
23 85 60 168 
88 33 47 168 
68 66 34 168 
59 34 75 168 
66 34 68 168 
47 44 77 168 
66 22 80 168 
97 26 45 168 
88 10 70 168 
15 64 89 168 
59 45 64 168 
31 43 95 169 
3 70 96 169 
68 25 76 169 
67 98 4 169 
44 96 29 169 
87 62 20 169 
57 53 59 169 
53 71 45 169 
98 13 58 169 
80 49 40 169 
48 42 79 169 
35 97 37 169 
11 77 81 169 
43 97 29 169 
48 75 46 169 
45 40 84 169 
30 48 91 169 
89 31 49 169 
10 86 73 169 
76 61 32 169 
82 56 31 169 
89 40 40 169 
51 24 94 169 
24 92 53 169 
55 18 96 169 
6 94 69 169 
36 98 35 169 
92 73 4 169 
80 12 77 169 
60 30 79 169 
79 88 2 169 
97 46 26 169 
81 15 73 169 
44 60 65 169 
87 36 46 169 
57 92 20 169 
84 7 78 169 
56 96 17 169 
42 92 35 169 
73 74 22 169 
97 20 52 169 
10 80 80 170 
59 57 54 170 
71 6 93 170 
55 87 28 170 
94 16 60 170 
66 41 63 170 
36 89 45 170 
77 23 70 170 
30 87 53 170 
96 54 20 170 
54 29 87 170 
58 68 44 170 
26 83 61 170 
42 84 44 170 
10 61 99 170 
8 89 73 170 
86 38 46 170 
69 52 49 170 
36 97 37 170 
61 43 66 170 
52 98 20 170 
11 79 80 170 
63 60 47 170 
19 52 99 170 
47 64 59 170 
60 20 90 170 
2 91 77 170 
21 59 90 170 
98 25 47 170 
43 74 53 170 
73 77 20 170 
49 22 99 170 
80 63 27 170 
15 96 59 170 
83 73 14 170 
10 74 86 170 
76 39 55 170 
74 21 75 170 
71 80 20 171 
61 35 75 171 
11 75 85 171 
33 87 51 171 
20 86 65 171 
25 55 91 171 
90 48 33 171 
78 38 55 171 
54 21 96 171 
58 83 30 171 
70 27 74 171 
96 69 6 171 
66 71 34 171 
91 57 23 171 
84 54 33 171 
99 57 15 171 
39 89 43 171 
25 54 92 171 
87 27 57 171 
33 62 76 171 
89 59 23 171 
83 63 25 171 
99 29 43 171 
42 81 48 171 
5 90 76 171 
84 7 80 171 
11 85 75 171 
52 85 34 171 
24 85 62 171 
47 50 74 171 
56 43 72 171 
96 46 29 171 
21 80 70 171 
47 98 26 171 
94 72 5 171 
20 74 77 171 
85 21 65 171 
28 56 87 171 
60 49 62 171 
79 31 61 171 
91 22 58 171 
85 59 27 171 
33 94 44 171 
73 67 31 171 
42 97 32 171 
5 83 84 172 
87 26 59 172 
44 93 35 172 
65 85 22 172 
72 17 83 172 
2 96 74 172 
90 26 56 172 
95 7 70 172 
11 68 93 172 
39 60 73 172 
78 84 10 172 
26 97 49 172 
89 18 65 172 
47 79 46 172 
86 36 50 172 
68 98 6 172 
26 85 61 172 
93 18 61 172 
77 49 46 172 
19 66 87 172 
51 35 86 172 
38 84 50 172 
95 44 33 172 
62 37 73 172 
54 55 63 172 
71 7 94 172 
29 75 68 172 
33 74 65 172 
78 44 50 172 
10 93 69 172 
69 40 63 172 
62 39 71 172 
36 80 56 172 
47 91 34 172 
68 5 99 172 
1 75 96 172 
69 4 99 172 
36 76 60 172 
80 34 58 172 
53 98 21 172 
99 41 32 172 
67 26 79 172 
72 63 38 173 
93 39 41 173 
81 27 65 173 
43 50 80 173 
93 38 42 173 
19 84 70 173 
79 67 27 173 
65 53 55 173 
50 88 35 173 
63 72 38 173 
92 14 67 173 
69 22 82 173 
89 77 7 173 
61 71 41 173 
29 57 87 173 
31 99 43 173 
53 68 52 173 
15 69 89 173 
16 77 80 173 
30 99 44 173 
19 72 82 173 
20 80 73 173 
29 77 67 173 
13 98 62 173 
46 36 91 173 
75 35 63 173 
61 92 20 173 
55 48 70 173 
11 79 83 173 
36 83 54 173 
59 56 58 173 
95 70 8 173 
23 56 94 173 
90 68 15 173 
93 60 20 173 
58 25 90 173 
75 56 42 173 
74 7 92 173 
32 86 55 173 
59 57 57 173 
93 0 80 173 
69 5 99 173 
72 60 41 173 
35 67 72 174 
91 83 0 174 
83 45 46 174 
46 95 33 174 
52 33 89 174 
4 90 80 174 
32 45 97 174 
71 6 97 174 
74 96 4 174 
88 76 10 174 
58 94 22 174 
38 77 59 174 
48 79 47 174 
90 53 31 174 
68 98 8 174 
90 10 74 174 
8 68 98 174 
56 87 31 174 
58 30 86 174 
26 60 88 174 
38 93 43 174 
74 39 61 174 
62 82 30 174 
13 76 85 174 
75 81 18 174 
15 70 89 174 
49 49 76 174 
36 52 86 174 
26 54 94 174 
95 35 44 174 
86 18 70 174 
29 60 85 174 
87 62 25 174 
66 46 62 174 
30 49 95 174 
85 59 30 174 
67 60 47 174 
95 68 11 174 
73 5 96 174 
50 65 59 174 
11 71 92 174 
68 85 21 174 
36 54 84 174 
69 24 81 174 
70 13 91 174 
81 31 62 174 
8 73 94 175 
79 31 65 175 
20 80 75 175 
99 49 27 175 
91 35 49 175 
98 46 31 175 
56 33 86 175 
53 84 38 175 
26 75 74 175 
94 3 78 175 
67 20 88 175 
44 98 33 175 
89 52 34 175 
17 79 79 175 
62 21 92 175 
67 39 69 175 
91 66 18 175 
34 79 62 175 
25 62 88 175 
73 84 18 175 
41 94 40 175 
88 4 83 175 
90 4 81 175 
52 28 95 175 
55 42 78 175 
47 88 40 175 
58 43 74 175 
72 14 89 175 
90 39 46 175 
22 68 85 175 
33 88 54 175 
48 53 74 175 
88 13 74 175 
56 85 34 175 
53 92 30 175 
66 64 45 175 
21 96 58 175 
70 21 84 175 
74 17 84 175 
89 5 81 175 
43 72 61 176 
77 81 18 176 
59 85 32 176 
78 1 97 176 
54 43 79 176 
36 62 78 176 
14 77 85 176 
35 55 86 176 
93 69 14 176 
53 47 76 176 
90 77 9 176 
73 69 34 176 
73 93 10 176 
78 52 46 176 
36 46 94 176 
62 96 18 176 
32 99 45 176 
73 70 33 176 
47 97 32 176 
16 83 77 176 
67 21 88 176 
65 51 60 176 
96 65 15 176 
78 14 84 176 
55 90 31 176 
91 82 3 176 
83 76 17 176 
32 61 83 176 
61 26 89 176 
77 92 7 176 
92 56 28 176 
11 77 88 176 
76 53 47 176 
81 72 24 177 
16 91 70 177 
79 90 8 177 
9 70 98 177 
83 41 53 177 
70 28 79 177 
30 85 62 177 
88 39 50 177 
28 50 99 177 
18 97 62 177 
77 82 18 177 
47 85 45 177 
60 93 24 177 
94 13 70 177 
12 91 74 177 
8 87 82 177 
10 75 92 177 
41 66 70 177 
43 53 81 177 
27 86 64 177 
92 13 72 177 
3 99 75 177 
34 93 50 177 
51 79 47 177 
71 85 21 177 
44 84 49 177 
64 37 76 177 
22 91 64 177 
63 28 86 177 
98 76 3 177 
46 41 90 177 
58 92 27 177 
10 94 74 178 
76 42 60 178 
53 52 73 178 
66 58 54 178 
58 42 78 178 
75 72 31 178 
58 33 87 178 
99 0 79 178 
91 79 8 178 
97 70 11 178 
91 72 15 178 
35 94 49 178 
73 7 98 178 
49 92 37 178 
23 61 94 178 
61 67 50 178 
50 93 35 178 
9 84 85 178 
23 86 69 178 
68 19 91 178 
96 21 61 178 
25 81 72 178 
64 80 34 178 
72 9 97 178 
97 56 25 178 
49 89 40 178 
55 89 34 178 
19 80 79 178 
93 66 19 178 
65 87 26 178 
82 32 64 178 
8 82 88 178 
30 53 95 178 
98 47 33 178 
69 17 92 178 
20 97 61 178 
79 46 53 178 
32 88 58 178 
54 41 83 178 
34 98 47 179 
49 52 78 179 
96 56 27 179 
82 71 26 179 
54 38 87 179 
6 78 95 179 
54 36 89 179 
15 96 68 179 
39 51 89 179 
84 14 81 179 
91 88 0 179 
84 52 43 179 
73 49 57 179 
74 45 60 179 
71 97 11 179 
77 80 22 179 
99 53 27 179 
95 62 22 179 
87 67 25 179 
85 68 26 179 
52 60 67 179 
66 17 96 179 
77 84 18 179 
31 70 78 179 
56 86 37 179 
85 6 88 179 
39 84 56 179 
99 7 73 179 
41 92 46 179 
3 91 85 179 
82 65 32 179 
70 82 27 179 
84 24 71 179 
13 94 72 179 
89 47 43 179 
94 3 82 179 
66 67 46 179 
98 60 21 179 
26 69 84 179 
51 87 41 179 
87 21 71 179 
76 62 42 180 
31 66 83 180 
53 39 88 180 
24 66 90 180 
85 87 8 180 
56 58 66 180 
50 50 80 180 
91 49 40 180 
51 60 69 180 
83 37 60 180 
70 87 23 180 
78 57 45 180 
63 76 41 180 
62 58 60 180 
96 48 36 180 
99 58 23 180 
37 71 72 180 
62 28 90 180 
87 90 3 180 
44 52 84 180 
36 78 66 180 
88 60 32 180 
64 92 24 180 
40 46 94 180 
56 40 84 180 
81 82 17 180 
87 74 19 180 
22 89 69 180 
71 59 50 180 
89 42 49 180 
27 70 83 180 
54 27 99 180 
34 99 47 180 
81 14 85 180 
65 87 28 180 
73 91 16 180 
68 91 21 180 
98 6 76 180 
82 9 89 180 
92 84 4 180 
85 62 33 180 
44 62 74 180 
26 88 66 180 
67 50 63 180 
80 58 42 180 
98 14 68 180 
96 48 36 180 
18 74 88 180 
7 94 80 181 
21 86 74 181 
13 83 85 181 
23 65 93 181 
93 30 58 181 
82 35 64 181 
68 46 67 181 
88 26 67 181 
96 31 54 181 
50 66 65 181 
90 54 37 181 
73 17 91 181 
6 83 92 181 
20 67 94 181 
99 74 8 181 
97 42 42 181 
57 60 64 181 
54 32 95 181 
26 96 59 181 
70 76 35 181 
71 32 78 181 
48 89 44 181 
73 85 23 181 
46 77 58 181 
40 76 65 181 
51 71 59 181 
48 71 62 181 
9 90 82 181 
61 52 68 181 
29 94 58 181 
41 77 63 181 
43 67 71 181 
82 40 59 181 
76 98 7 181 
57 88 36 181 
79 13 89 181 
81 22 78 181 
51 34 96 181 
71 70 40 181 
91 23 68 182 
24 99 59 182 
93 21 68 182 
66 32 84 182 
62 89 31 182 
19 92 71 182 
87 80 15 182 
83 35 64 182 
64 39 79 182 
51 95 36 182 
44 77 61 182 
92 74 16 182 
99 67 16 182 
32 66 84 182 
3 88 91 182 
85 94 3 182 
98 73 11 182 
83 79 20 182 
64 70 48 182 
43 86 53 182 
39 74 69 182 
80 99 3 182 
15 77 90 182 
77 80 25 182 
76 34 72 182 
69 37 76 182 
48 70 64 182 
41 42 99 182 
13 88 81 182 
12 79 91 182 
15 96 71 182 
43 55 84 182 
62 46 74 182 
69 84 29 182 
57 74 51 182 
33 53 96 182 
42 77 63 182 
87 49 46 182 
67 36 79 182 
56 85 41 182 
62 88 33 183 
72 62 49 183 
46 92 45 183 
8 87 88 183 
50 40 93 183 
79 92 12 183 
80 92 11 183 
41 52 90 183 
72 80 31 183 
47 75 61 183 
24 97 62 183 
85 16 82 183 
87 26 70 183 
73 14 96 183 
60 30 93 183 
99 67 17 183 
48 94 41 183 
59 97 27 183 
98 10 75 183 
75 99 9 183 
97 56 30 183 
80 41 62 183 
99 58 26 183 
56 46 81 183 
91 27 65 183 
82 37 64 183 
89 6 88 183 
97 28 58 183 
59 98 26 183 
44 74 65 183 
37 92 54 183 
85 24 74 183 
51 73 59 183 
32 98 53 183 
60 97 26 183 
38 73 72 183 
50 72 61 183 
72 85 26 183 
80 88 15 183 
73 56 54 183 
71 84 28 183 
71 15 98 184 
61 76 47 184 
44 78 62 184 
55 56 73 184 
85 77 22 184 
72 53 59 184 
64 46 74 184 
58 66 60 184 
16 80 88 184 
76 80 28 184 
41 63 80 184 
71 69 44 184 
94 26 64 184 
55 57 72 184 
27 77 80 184 
87 34 63 184 
89 34 61 184 
97 37 50 184 
34 74 76 184 
3 96 85 184 
93 85 6 184 
44 91 49 184 
62 71 51 184 
97 19 68 184 
91 87 6 184 
31 69 84 184 
79 8 97 184 
89 11 84 184 
90 45 49 184 
47 66 71 184 
64 68 52 184 
83 5 96 184 
33 89 62 184 
34 53 97 184 
77 43 64 184 
14 96 74 184 
89 23 72 184 
48 42 95 185 
54 89 42 185 
51 74 60 185 
90 69 26 185 
6 93 86 185 
44 67 74 185 
98 53 34 185 
91 55 39 185 
79 29 77 185 
65 22 98 185 
47 63 75 185 
87 37 61 185 
58 40 87 185 
97 20 68 185 
27 80 78 185 
58 36 91 185 
45 89 51 185 
96 76 13 185 
83 57 45 185 
18 97 70 185 
65 73 47 185 
74 77 34 185 
77 14 94 185 
66 61 58 185 
40 75 70 185 
79 73 33 185 
89 74 22 185 
94 90 1 185 
2 85 98 185 
87 59 39 185 
55 56 74 185 
57 66 62 185 
62 36 87 185 
87 85 13 185 
76 41 69 186 
74 51 61 186 
75 59 52 186 
63 53 70 186 
56 65 65 186 
74 28 84 186 
91 50 45 186 
66 41 79 186 
45 90 51 186 
53 70 63 186 
90 95 1 186 
94 20 72 186 
50 98 38 186 
32 85 69 186 
39 87 60 186 
13 90 83 186 
87 38 61 186 
13 99 74 186 
10 91 85 186 
71 79 36 186 
57 32 97 186 
38 53 95 186 
76 95 15 186 
44 93 49 186 
15 97 74 186 
89 15 82 186 
60 84 42 186 
59 68 59 186 
93 81 12 186 
87 30 69 186 
33 82 71 186 
71 76 39 186 
65 63 58 186 
74 90 23 187 
46 81 60 187 
59 89 39 187 
85 69 33 187 
13 82 92 187 
83 37 67 187 
71 49 67 187 
83 22 82 187 
79 95 13 187 
92 67 28 187 
90 25 72 187 
84 81 22 187 
83 31 73 187 
99 14 74 187 
71 85 31 187 
92 58 37 187 
72 99 16 187 
70 72 45 187 
85 75 27 187 
89 24 74 187 
80 44 63 187 
99 57 31 187 
57 81 49 187 
30 85 72 187 
91 80 16 187 
88 64 35 187 
28 89 70 187 
61 92 34 187 
73 78 36 187 
62 47 78 187 
76 59 52 187 
84 43 60 187 
93 38 56 187 
94 0 93 187 
79 58 50 187 
64 77 46 187 
12 78 97 187 
53 66 68 187 
59 77 51 187 
50 50 87 187 
89 17 81 187 
82 26 79 187 
65 58 64 187 
83 67 37 187 
54 62 71 187 
72 68 47 187 
44 82 62 188 
72 54 62 188 
22 77 89 188 
4 86 98 188 
37 78 73 188 
32 83 73 188 
13 92 83 188 
78 19 91 188 
93 88 7 188 
51 52 85 188 
96 77 15 188 
88 34 66 188 
5 86 97 188 
70 33 85 188 
71 41 76 188 
89 5 94 188 
12 80 96 188 
14 85 89 188 
53 60 75 188 
83 43 62 188 
69 32 87 188 
20 94 74 188 
16 75 97 188 
68 82 38 188 
21 92 75 188 
86 70 32 188 
33 89 67 189 
15 89 85 189 
89 29 71 189 
82 93 14 189 
88 59 42 189 
0 93 96 189 
43 54 92 189 
59 74 56 189 
46 97 46 189 
67 73 49 189 
66 76 47 189 
60 94 35 189 
39 67 83 189 
48 86 55 189 
80 54 55 189 
94 27 68 189 
49 86 54 189 
53 58 78 189 
36 61 92 189 
47 66 76 189 
78 68 43 189 
71 79 39 189 
53 55 81 189 
36 83 70 189 
47 51 91 189 
58 98 33 189 
55 36 98 189 
86 39 64 189 
43 57 89 189 
67 66 56 189 
99 45 45 189 
88 40 61 189 
57 74 58 189 
71 23 95 189 
85 66 38 189 
74 82 33 189 
23 77 90 190 
64 87 39 190 
69 71 50 190 
90 96 4 190 
15 93 82 190 
78 71 41 190 
80 17 93 190 
60 96 34 190 
38 93 59 190 
92 3 95 190 
86 81 23 190 
71 35 84 190 
91 17 82 190 
87 89 14 190 
61 56 73 190 
83 14 93 190 
62 66 62 190 
72 88 30 190 
43 48 99 190 
46 93 51 190 
79 71 40 190 
67 28 95 190 
38 57 95 190 
44 86 60 190 
67 83 40 190 
30 90 70 190 
60 66 64 190 
40 80 70 190 
62 56 72 190 
95 25 70 190 
21 83 86 190 
51 76 63 190 
10 85 95 190 
59 70 61 190 
87 8 95 190 
74 52 64 190 
50 66 74 190 
79 24 87 190 
71 79 41 191 
62 34 95 191 
58 83 50 191 
75 40 76 191 
86 98 7 191 
67 38 86 191 
77 24 90 191 
97 87 7 191 
97 65 29 191 
1 97 93 191 
96 72 23 191 
97 2 92 191 
86 20 85 191 
4 90 97 191 
69 23 99 191 
98 52 41 191 
55 81 55 191 
87 78 26 191 
60 58 73 191 
65 99 27 191 
83 90 18 191 
87 78 26 191 
86 85 20 191 
62 96 34 192 
86 71 35 192 
22 86 84 192 
40 75 77 192 
49 91 52 192 
95 78 19 192 
98 90 4 192 
86 34 72 192 
72 41 79 192 
56 40 96 192 
80 82 30 192 
45 55 92 192 
79 93 20 192 
77 73 42 192 
37 86 69 192 
71 40 81 192 
81 92 19 192 
50 53 89 192 
85 81 26 192 
67 47 78 192 
62 40 90 192 
64 85 43 192 
55 96 41 192 
45 54 93 192 
56 92 44 192 
42 97 53 192 
89 17 86 192 
93 83 16 192 
44 67 81 192 
65 56 71 192 
33 75 84 192 
45 57 91 193 
53 53 87 193 
87 71 35 193 
21 93 79 193 
97 95 1 193 
58 70 65 193 
57 57 79 193 
26 95 72 193 
88 52 53 193 
99 91 3 193 
38 62 93 193 
68 95 30 193 
81 32 80 193 
86 36 71 193 
92 6 95 193 
19 89 85 193 
95 76 22 193 
94 3 96 193 
7 96 90 193 
78 66 49 193 
85 14 94 193 
75 91 27 193 
62 42 89 193 
61 91 41 193 
92 32 69 193 
84 34 75 193 
90 57 46 193 
57 43 93 193 
67 83 43 193 
75 30 88 193 
82 13 98 193 
77 33 83 193 
56 59 79 194 
60 79 55 194 
94 68 32 194 
96 12 86 194 
79 51 64 194 
79 36 79 194 
64 62 68 194 
78 26 90 194 
93 70 31 194 
67 78 49 194 
84 12 98 194 
52 65 77 194 
89 34 71 194 
77 95 22 194 
75 86 33 194 
74 68 52 194 
38 81 75 194 
43 68 83 194 
98 5 91 194 
95 6 93 194 
62 96 37 195 
44 72 79 195 
26 95 74 195 
60 48 87 195 
72 40 83 195 
31 89 75 195 
43 62 90 195 
53 79 63 195 
57 71 67 195 
31 71 93 195 
92 63 40 195 
15 92 88 195 
74 53 68 195 
59 94 42 195 
93 27 75 195 
91 72 32 195 
82 49 64 195 
77 34 84 195 
94 69 32 195 
99 50 46 195 
81 45 69 195 
93 49 53 195 
93 77 26 196 
17 87 92 196 
69 29 98 196 
53 71 72 196 
38 61 97 196 
77 67 52 196 
24 81 91 196 
46 86 64 196 
91 77 28 196 
11 89 96 196 
49 90 57 196 
60 80 56 196 
50 86 60 196 
50 84 62 196 
38 81 77 196 
94 22 80 196 
86 55 55 196 
88 93 15 196 
66 68 62 196 
63 72 61 196 
45 90 61 196 
78 52 66 196 
49 50 97 196 
32 67 97 196 
50 69 77 196 
67 91 38 196 
86 63 47 196 
16 99 81 196 
4 94 98 196 
29 96 71 196 
39 68 89 196 
94 28 75 197 
84 83 30 197 
93 79 25 197 
61 66 70 197 
97 62 38 197 
88 14 95 197 
93 90 14 197 
99 46 52 197 
77 46 74 197 
86 71 40 197 
57 44 96 197 
97 5 95 197 
46 72 79 197 
74 90 33 197 
92 16 89 197 
88 56 53 197 
83 66 48 197 
63 53 81 197 
52 85 60 197 
83 53 61 197 
48 63 86 197 
84 29 84 197 
25 90 82 197 
56 85 56 197 
86 44 67 197 
98 32 67 197 
99 17 81 197 
50 48 99 197 
98 26 73 197 
84 78 35 197 
96 60 42 198 
79 51 68 198 
15 87 96 198 
68 81 49 198 
27 81 90 198 
73 73 52 198 
51 53 94 198 
64 77 57 198 
78 33 87 198 
48 57 93 198 
20 95 83 198 
98 12 88 198 
40 91 67 198 
8 91 99 198 
75 62 61 198 
95 43 60 198 
26 73 99 198 
97 90 11 198 
18 84 96 198 
72 73 53 198 
57 56 85 198 
64 61 73 198 
30 92 76 198 
71 74 53 198 
55 79 64 198 
48 62 88 198 
82 75 41 198 
60 53 85 198 
57 82 59 198 
55 95 48 198 
92 38 69 199 
52 76 71 199 
50 52 97 199 
83 38 78 199 
30 71 98 199 
90 66 43 199 
84 99 16 199 
59 55 85 199 
70 95 34 199 
89 36 74 199 
79 87 33 199 
76 28 95 199 
21 96 82 199 
85 65 49 199 
99 8 92 199 
28 96 75 199 
26 84 89 199 
32 97 70 199 
90 21 88 199 
49 69 81 199 
73 99 27 199 
79 66 54 199 
95 82 22 199 
39 67 93 199 
68 39 92 199 
68 66 65 199 
42 84 73 199 
28 78 93 199 
46 77 76 199 
38 89 73 200 
84 21 95 200 
71 83 46 200 
86 67 47 200 
75 43 82 200 
35 77 88 200 
82 72 46 200 
71 97 32 200 
79 81 40 200 
86 15 99 200 
30 90 80 200 
78 90 32 200 
88 97 15 200 
79 36 85 200 
91 30 79 200 
44 87 69 200 
78 89 33 200 
98 27 75 200 
42 67 91 200 
16 92 92 200 
58 76 66 200 
17 92 91 200 
98 7 95 200 
73 94 33 200 
94 18 88 200 
44 58 98 200 
65 63 72 200 
75 44 81 200 
73 51 76 200 
61 70 70 201 
25 96 80 201 
96 49 56 201 
51 93 57 201 
63 79 59 201 
84 81 36 201 
52 81 68 201 
90 56 55 201 
87 74 40 201 
81 59 61 201 
92 52 57 201 
65 38 98 201 
54 50 97 201 
86 65 50 201 
85 81 35 201 
69 51 81 201 
64 75 62 201 
99 5 97 201 
68 91 42 201 
24 82 95 201 
42 66 93 201 
45 59 97 201 
89 76 36 201 
53 54 94 201 
65 39 97 201 
38 75 88 201 
42 89 70 201 
61 62 78 201 
99 17 85 201 
26 84 91 201 
57 78 67 202 
98 75 29 202 
79 88 35 202 
86 49 67 202 
89 78 35 202 
58 91 53 202 
85 76 41 202 
33 74 95 202 
93 67 42 202 
61 73 68 202 
25 92 85 202 
99 8 95 202 
93 47 62 202 
76 55 71 202 
65 80 57 202 
56 53 93 202 
76 71 55 202 
33 82 87 202 
96 77 29 202 
73 95 34 202 
61 42 99 202 
62 80 60 202 
96 97 10 203 
19 94 90 203 
28 83 92 203 
86 36 81 203 
40 74 89 203 
60 87 56 203 
77 31 95 203 
63 77 63 203 
82 36 85 203 
28 77 98 203 
78 55 70 203 
63 43 97 203 
63 60 80 203 
98 93 12 203 
11 98 94 203 
24 99 80 203 
81 33 89 203 
42 74 87 203 
73 92 38 203 
55 90 58 203 
39 89 75 203 
36 74 93 203 
80 99 24 203 
83 61 59 203 
99 70 34 203 
88 34 81 203 
37 77 89 203 
99 99 5 203 
86 33 84 203 
74 58 71 203 
82 65 57 204 
95 61 48 204 
62 54 88 204 
85 80 39 204 
38 69 97 204 
58 98 48 204 
22 97 85 204 
72 64 68 204 
81 49 74 204 
81 29 94 204 
48 86 70 204 
86 28 90 204 
59 85 60 204 
44 97 63 204 
49 83 72 204 
67 78 59 204 
74 57 73 204 
36 88 80 204 
39 85 80 204 
63 68 73 204 
54 72 78 204 
51 57 96 204 
99 82 23 204 
99 32 73 204 
60 72 72 204 
90 94 21 205 
40 71 94 205 
29 78 98 205 
50 92 63 205 
83 31 91 205 
42 77 86 205 
29 84 92 205 
50 93 62 205 
85 67 53 205 
59 63 83 205 
63 89 53 205 
42 76 87 205 
75 75 55 205 
82 61 62 205 
99 23 83 205 
61 99 45 205 
38 98 69 205 
78 65 62 205 
84 84 37 205 
94 72 39 205 
27 89 89 205 
56 68 81 205 
86 80 39 205 
46 78 81 205 
84 71 50 205 
99 45 61 205 
62 46 97 205 
69 48 88 205 
63 59 83 205 
84 93 28 205 
47 87 71 205 
65 73 67 205 
24 91 90 205 
62 68 75 205 
50 71 84 205 
99 74 33 206 
85 25 96 206 
22 92 92 206 
64 47 95 206 
83 67 56 206 
66 55 85 206 
43 90 73 206 
80 89 37 206 
64 67 75 206 
57 62 87 206 
45 87 74 206 
53 95 58 206 
88 87 31 206 
91 69 46 206 
77 42 87 206 
95 85 26 206 
63 49 94 206 
92 37 77 206 
78 44 84 206 
76 37 93 206 
85 62 59 206 
81 54 71 206 
64 47 95 206 
24 88 94 206 
92 78 36 206 
60 87 59 206 
79 76 52 207 
80 98 29 207 
83 58 66 207 
90 49 68 207 
64 55 88 207 
75 79 53 207 
47 65 95 207 
66 57 84 207 
65 50 92 207 
39 79 89 207 
12 99 96 207 
52 66 89 207 
70 63 74 207 
94 85 28 207 
62 75 70 207 
26 96 85 207 
77 34 96 207 
97 33 77 207 
13 95 99 207 
89 82 36 207 
57 85 65 207 
35 88 84 207 
50 95 62 207 
23 94 90 207 
98 74 35 207 
46 88 73 207 
96 85 26 207 
67 79 61 207 
40 92 76 208 
38 83 87 208 
37 81 90 208 
43 74 91 208 
46 82 80 208 
99 94 15 208 
71 98 39 208 
96 38 74 208 
60 61 87 208 
49 79 80 208 
91 40 77 208 
90 62 56 208 
68 73 67 208 
56 62 90 208 
86 89 33 208 
63 92 53 208 
61 57 90 208 
63 49 96 208 
79 41 88 208 
63 84 61 208 
99 78 31 208 
75 59 74 208 
35 79 94 208 
73 82 53 208 
37 98 73 208 
73 47 88 208 
66 48 94 208 
13 99 96 208 
57 81 71 209 
34 83 92 209 
91 75 43 209 
70 60 79 209 
81 62 66 209 
96 35 78 209 
59 54 96 209 
89 52 68 209 
82 81 46 209 
75 54 80 209 
98 27 84 209 
72 71 66 209 
98 48 63 209 
99 43 67 209 
84 97 28 209 
15 95 99 209 
51 78 80 209 
51 96 62 209 
85 39 85 209 
40 95 74 209 
77 52 80 209 
73 66 70 209 
93 37 79 209 
76 64 69 209 
91 52 66 209 
45 76 88 209 
69 58 82 209 
39 82 89 210 
75 64 71 210 
91 75 44 210 
69 52 89 210 
95 66 49 210 
92 61 57 210 
90 68 52 210 
82 41 87 210 
98 76 36 210 
95 74 41 210 
82 97 31 210 
78 99 33 210 
39 98 73 210 
91 83 36 210 
93 68 49 210 
31 91 88 210 
89 43 78 210 
79 94 38 211 
63 99 49 211 
91 26 94 211 
47 85 79 211 
72 77 62 211 
85 59 67 211 
29 85 97 211 
92 89 30 211 
47 71 93 211 
52 85 74 211 
90 46 75 211 
38 91 82 211 
98 66 47 211 
67 58 86 211 
81 60 70 211 
94 55 62 211 
74 53 84 211 
60 55 96 211 
57 85 69 211 
63 59 89 211 
86 84 41 211 
16 98 97 211 
78 73 60 211 
80 63 68 211 
56 84 71 211 
76 99 36 211 
52 60 99 211 
80 82 49 211 
48 69 95 212 
43 98 71 212 
75 98 39 212 
82 69 61 212 
35 83 94 212 
98 61 53 212 
78 90 44 212 
36 89 87 212 
29 96 87 212 
52 85 75 212 
71 95 46 212 
75 84 53 212 
61 74 77 212 
56 95 61 212 
37 88 87 212 
63 82 67 212 
61 60 91 212 
91 70 52 213 
91 92 30 213 
73 68 72 213 
80 98 35 213 
89 95 29 213 
92 23 98 213 
32 93 88 213 
85 43 85 213 
72 83 58 213 
51 91 71 213 
54 89 70 213 
41 78 94 213 
65 96 52 213 
93 22 98 213 
87 77 49 213 
84 69 60 213 
96 77 40 213 
70 77 66 213 
73 98 42 213 
75 92 46 213 
58 73 82 213 
41 74 98 213 
53 92 68 213 
42 91 81 214 
55 68 91 214 
97 56 61 214 
71 49 94 214 
34 85 95 214 
47 94 73 214 
67 80 67 214 
66 82 66 214 
76 97 41 214 
72 86 56 214 
39 76 99 214 
76 50 88 214 
97 36 81 214 
93 54 67 214 
55 95 64 214 
79 62 73 214 
50 65 99 214 
78 87 49 214 
93 30 92 215 
76 43 96 215 
71 58 86 215 
76 48 91 215 
95 45 75 215 
34 93 88 215 
93 25 97 215 
54 73 88 215 
75 88 52 215 
91 62 62 215 
73 98 44 215 
84 52 79 215 
77 74 64 215 
62 63 90 215 
93 76 46 215 
74 52 89 215 
30 86 99 215 
53 67 96 216 
64 82 70 216 
68 63 85 216 
73 81 62 216 
38 81 97 216 
93 55 68 216 
91 27 98 216 
89 78 49 216 
97 79 40 216 
89 79 48 216 
92 86 38 216 
64 94 58 216 
46 75 95 216 
88 38 90 216 
53 75 88 216 
98 55 63 216 
79 95 42 216 
60 79 77 216 
65 70 81 216 
60 82 75 217 
40 99 78 217 
98 89 30 217 
94 26 97 217 
90 46 81 217 
96 40 81 217 
96 88 33 217 
99 30 88 217 
51 97 69 217 
88 79 50 217 
56 86 75 217 
37 84 96 217 
72 66 79 217 
94 29 94 217 
50 69 98 217 
92 90 35 217 
34 87 96 217 
41 80 96 217 
68 69 80 217 
62 93 62 217 
90 51 76 217 
77 88 52 217 
82 37 98 217 
86 44 87 217 
83 86 48 217 
83 64 70 217 
70 68 79 217 
59 72 87 218 
69 54 95 218 
93 37 88 218 
76 84 58 218 
58 86 74 218 
40 81 97 218 
39 84 95 218 
97 93 28 218 
83 77 58 218 
93 73 52 218 
86 80 52 218 
75 47 96 218 
99 28 91 218 
99 51 68 218 
78 48 92 218 
95 86 37 218 
47 80 91 218 
90 81 47 218 
23 99 96 218 
72 47 99 218 
82 89 47 218 
89 63 66 218 
97 68 53 218 
94 28 96 218 
74 67 77 218 
99 40 79 218 
39 92 88 219 
52 86 81 219 
98 70 51 219 
76 52 91 219 
79 92 48 219 
88 42 89 219 
96 27 96 219 
74 68 77 219 
84 94 41 219 
92 45 82 219 
96 90 33 219 
68 93 58 219 
74 91 54 219 
54 86 80 220 
40 93 87 220 
81 86 53 220 
64 63 93 220 
68 54 98 220 
60 71 89 220 
86 52 82 220 
53 69 98 220 
86 49 85 220 
82 57 81 220 
61 84 75 220 
74 83 63 220 
81 56 83 220 
76 90 54 220 
93 61 66 220 
95 49 77 221 
38 85 98 221 
77 81 63 221 
80 91 50 221 
75 64 82 221 
79 66 76 221 
88 51 82 221 
77 97 47 221 
37 89 95 221 
89 41 91 221 
85 39 97 221 
86 82 53 221 
61 65 95 221 
89 54 78 221 
77 77 67 221 
53 86 82 221 
51 75 95 221 
82 44 95 221 
96 64 61 221 
95 42 84 221 
62 97 62 221 
73 50 98 221 
66 64 92 222 
73 67 82 222 
94 77 51 222 
67 78 77 222 
80 72 70 222 
58 65 99 222 
98 46 78 222 
49 84 89 222 
94 89 39 222 
70 61 91 222 
62 62 98 222 
95 88 40 223 
66 94 63 223 
77 50 96 223 
66 91 66 223 
50 74 99 223 
75 91 57 223 
83 49 91 223 
79 70 74 223 
79 51 93 223 
51 88 84 223 
57 92 74 223 
84 58 81 223 
72 95 56 223 
92 86 45 223 
63 97 63 223 
62 73 88 223 
83 71 69 223 
55 84 85 224 
75 50 99 224 
69 92 63 224 
89 92 43 224 
99 90 35 224 
95 50 79 224 
37 99 88 224 
76 96 52 224 
76 99 49 224 
65 69 90 224 
81 73 70 224 
92 85 47 224 
81 78 65 224 
94 55 75 224 
71 63 90 224 
98 62 64 224 
87 39 98 224 
94 41 89 224 
90 52 82 224 
96 51 77 224 
64 81 80 225 
83 59 83 225 
92 85 48 225 
96 84 45 225 
75 97 53 225 
88 48 89 225 
52 88 85 225 
80 95 50 225 
82 56 87 225 
33 93 99 225 
41 85 99 225 
76 57 92 225 
85 81 59 225 
77 97 51 225 
97 98 30 225 
72 71 83 226 
97 62 67 226 
42 91 93 226 
59 91 76 226 
94 86 46 226 
96 68 62 226 
79 62 85 226 
88 87 51 226 
90 99 37 226 
71 99 56 226 
77 95 54 226 
75 62 89 226 
73 92 61 226 
98 97 31 226 
54 84 88 226 
74 78 74 226 
38 99 89 226 
94 84 48 226 
78 63 85 226 
98 57 71 226 
98 98 30 226 
92 38 96 226 
85 60 81 226 
80 72 75 227 
74 78 75 227 
69 67 91 227 
45 95 87 227 
63 98 66 227 
99 37 91 227 
57 89 81 227 
74 93 60 227 
85 85 57 227 
95 44 88 227 
77 76 74 227 
64 98 65 227 
51 85 91 227 
73 94 60 227 
77 80 70 227 
48 91 88 227 
87 84 56 227 
69 70 88 227 
99 69 59 227 
93 59 75 227 
87 85 55 227 
65 81 82 228 
99 81 48 228 
68 85 75 228 
68 64 96 228 
99 44 85 228 
83 79 66 228 
87 82 59 228 
81 95 52 228 
62 78 88 228 
78 93 57 228 
80 95 53 228 
65 85 78 228 
82 53 93 228 
72 86 70 228 
40 90 99 229 
85 83 61 229 
82 70 77 229 
81 86 62 229 
91 63 75 229 
81 75 73 229 
92 42 95 229 
78 65 86 229 
49 82 98 229 
98 44 87 229 
96 62 71 229 
65 81 83 229 
63 89 77 229 
97 75 57 229 
80 51 99 230 
52 98 80 230 
60 81 89 230 
63 99 68 230 
50 82 98 230 
63 81 86 230 
49 89 92 230 
89 47 94 230 
86 65 79 230 
90 92 48 230 
77 99 54 230 
53 84 93 230 
51 80 99 230 
88 85 57 230 
84 97 49 230 
80 72 78 230 
64 82 84 230 
80 78 72 230 
83 62 85 230 
58 88 85 231 
99 78 54 231 
55 82 94 231 
38 98 95 231 
75 70 86 231 
54 81 96 231 
81 51 99 231 
72 67 92 231 
95 60 76 231 
95 72 64 231 
65 93 73 231 
77 75 79 231 
55 90 86 231 
79 81 71 231 
62 99 71 232 
88 98 46 232 
83 70 79 232 
71 95 66 232 
78 95 59 232 
94 51 87 232 
60 77 95 232 
67 82 83 232 
86 91 55 232 
89 51 92 232 
87 69 76 232 
91 64 77 232 
79 87 66 232 
61 80 91 232 
40 96 96 232 
92 81 60 233 
69 96 68 233 
84 58 91 233 
86 93 54 233 
67 94 72 233 
67 68 98 233 
93 58 82 233 
83 63 87 233 
99 83 51 233 
87 78 68 233 
79 78 76 233 
44 97 92 233 
69 91 73 233 
59 77 98 234 
85 72 77 234 
93 63 78 234 
84 69 81 234 
71 66 97 234 
52 87 95 234 
89 50 95 234 
80 95 59 234 
82 66 87 235 
78 69 88 235 
80 66 89 235 
79 94 62 235 
63 86 86 235 
74 81 80 235 
56 87 92 235 
82 65 88 235 
95 69 71 235 
48 88 99 235 
85 69 81 235 
91 81 63 235 
67 91 78 236 
82 56 98 236 
51 90 95 236 
94 82 60 236 
57 93 86 236 
61 95 80 236 
71 97 68 236 
84 94 58 236 
93 55 88 236 
71 80 85 236 
88 85 63 236 
67 98 71 236 
71 94 71 236 
82 74 80 236 
62 99 75 236 
83 99 55 237 
52 87 98 237 
76 91 70 237 
57 95 85 237 
78 86 73 237 
99 93 45 237 
97 79 61 237 
55 93 89 237 
68 96 73 237 
75 82 80 237 
97 65 75 237 
77 82 79 238 
83 56 99 238 
97 70 71 238 
81 81 76 238 
92 77 69 238 
69 73 96 238 
71 92 75 238 
62 83 93 238 
75 64 99 238 
88 66 84 238 
76 77 85 238 
70 77 91 238 
81 79 78 238 
91 65 82 238 
98 81 59 238 
85 82 72 239 
63 89 87 239 
77 80 82 239 
72 70 97 239 
88 73 78 239 
80 88 71 239 
92 95 52 239 
44 97 98 239 
94 76 70 240 
91 70 79 240 
72 98 70 240 
69 72 99 240 
70 77 93 240 
81 64 95 240 
83 64 93 240 
82 65 93 240 
66 79 95 240 
70 92 78 240 
69 94 78 241 
89 80 72 241 
84 97 60 241 
98 72 71 241 
72 83 86 241 
74 72 95 241 
97 77 67 241 
69 73 99 241 
85 88 68 241 
96 91 55 242 
91 88 63 242 
96 94 52 242 
71 97 74 242 
67 78 97 242 
65 93 84 242 
89 99 54 242 
59 94 89 242 
90 99 54 243 
89 66 88 243 
89 84 70 243 
81 79 83 243 
57 98 88 243 
88 85 70 243 
91 92 60 243 
89 98 56 243 
81 79 84 244 
94 93 57 244 
65 82 97 244 
95 51 98 244 
59 89 96 244 
55 98 91 244 
64 85 95 244 
87 88 69 244 
65 96 83 244 
55 96 93 244 
88 69 87 244 
83 69 93 245 
63 87 95 245 
89 92 64 245 
93 76 76 245 
78 70 98 246 
95 67 84 246 
58 91 97 246 
87 68 91 246 
87 71 88 246 
63 85 98 246 
82 77 87 246 
89 84 73 246 
78 88 80 246 
84 94 69 247 
85 97 65 247 
64 89 94 247 
66 83 98 247 
92 69 86 247 
98 54 95 247 
72 80 95 247 
81 94 72 247 
79 97 71 247 
96 87 65 248 
91 73 84 248 
93 78 77 248 
93 89 66 248 
86 81 81 248 
95 67 87 249 
65 92 92 249 
63 98 88 249 
81 75 94 250 
90 72 88 250 
95 80 75 250 
97 71 82 250 
84 79 87 250 
89 76 85 250 
93 82 75 250 
59 93 98 250 
90 67 94 251 
94 88 69 251 
95 92 64 251 
85 81 85 251 
92 85 74 251 
86 96 69 251 
79 93 79 251 
70 84 98 252 
86 69 97 252 
79 79 94 252 
98 93 61 252 
74 79 99 252 
80 93 79 252 
93 90 69 252 
79 88 85 252 
84 95 74 253 
87 90 76 253 
87 82 84 253 
69 95 89 253 
74 81 98 253 
87 98 68 253 
92 68 93 253 
76 98 79 253 
85 70 98 253 
81 93 79 253 
79 98 76 253 
80 86 87 253 
97 65 92 254 
87 75 92 254 
94 82 78 254 
80 96 78 254 
82 91 82 255 
88 95 72 255 
96 68 92 256 
97 91 68 256 
82 86 88 256 
62 99 95 256 
99 82 76 257 
86 92 79 257 
85 79 93 257 
99 64 94 257 
64 96 97 257 
68 93 96 257 
99 88 70 257 
80 86 92 258 
84 94 80 258 
96 66 96 258 
99 97 62 258 
73 88 97 258 
90 76 93 259 
84 95 80 259 
69 93 97 259 
72 89 98 259 
99 83 77 259 
79 96 84 259 
82 86 92 260 
85 89 86 260 
89 86 85 260 
74 98 88 260 
96 70 95 261 
79 95 87 261 
83 97 81 261 
75 96 90 261 
99 92 70 261 
74 90 98 262 
85 85 92 262 
71 96 96 263 
96 91 76 263 
92 91 80 263 
69 95 99 263 
95 79 89 263 
78 91 94 263 
93 78 93 264 
92 85 87 264 
81 85 99 265 
94 89 83 266 
91 93 83 267 
79 99 89 267 
95 85 87 267 
96 81 90 267 
84 95 89 268 
97 96 75 268 
99 94 75 268 
83 95 90 268 
79 99 90 268 
89 94 86 269 
91 99 79 269 
84 88 97 269 
82 99 88 269 
84 92 94 270 
96 91 84 271 
86 86 99 271 
96 80 95 271 
87 96 88 271 
95 85 91 271 
86 88 97 271 
90 91 93 274 
86 99 91 276 
95 83 99 277 
95 89 93 277 
92 94 92 278 
93 92 93 278 
96 85 97 278 
95 98 87 280 
93 94 93 280 
94 92 95 281 
89 98 97 284 
98 96 99 293 
49.387199999955556 ms