1 7 23 31 
13 14 16 43 
22 10 13 45 
13 33 0 46 
26 10 12 48 
54 0 0 54 
37 13 16 66 
15 32 19 66 
64 3 13 80 
34 35 13 82 
26 10 47 83 
7 11 68 86 
25 59 4 88 
29 35 26 90 
10 45 36 91 
61 27 6 94 
62 7 28 97 
22 46 30 98 
14 65 20 99 
4 37 59 100 
17 2 81 100 
9 35 56 100 
70 14 19 103 
78 24 1 103 
8 51 45 104 
15 38 52 105 
55 16 38 109 
25 83 1 109 
11 74 27 112 
36 59 19 114 
50 43 22 115 
10 77 29 116 
21 27 68 116 
61 52 4 117 
30 14 74 118 
1 75 42 118 
15 12 91 118 
60 8 52 120 
46 55 20 121 
88 22 14 124 
40 25 59 124 
84 37 6 127 
51 70 6 127 
15 78 35 128 
34 95 1 130 
89 34 8 131 
79 42 12 133 
20 28 86 134 
9 37 93 139 
70 6 64 140 
96 6 40 142 
66 70 7 143 
65 12 67 144 
90 32 22 144 
72 51 21 144 
6 53 85 144 
70 11 64 145 
13 87 47 147 
38 28 81 147 
48 36 64 148 
31 30 87 148 
81 33 35 149 
47 28 75 150 
79 67 4 150 
60 16 76 152 
51 52 50 153 
63 3 87 153 
88 28 42 158 
80 34 45 159 
36 38 85 159 
48 16 96 160 
38 77 50 165 
31 83 52 166 
89 11 67 167 
86 78 5 169 
82 3 84 169 
62 21 87 170 
44 68 59 171 
46 56 72 174 
82 4 88 174 
53 96 26 175 
64 49 66 179 
32 95 54 181 
70 71 43 184 
57 29 99 185 
51 64 70 185 
83 28 78 189 
55 95 41 191 
93 90 8 191 
87 6 98 191 
72 79 43 194 
84 19 94 197 
70 41 96 207 
72 46 97 215 
53 78 86 217 
97 79 49 225 
79 92 56 227 
87 83 58 228 
92 52 91 235 
60 84 96 240 
0.1544000001558743 ms