8 2 4 14 
5 1 10 16 
11 4 1 16 
10 1 6 17 
5 9 4 18 
2 14 5 21 
4 6 11 21 
4 2 16 22 
2 13 7 22 
0 23 1 24 
3 18 4 25 
7 1 18 26 
17 4 5 26 
7 6 13 26 
10 4 14 28 
0 24 5 29 
12 16 2 30 
0 13 19 32 
5 5 23 33 
12 18 3 33 
7 4 22 33 
3 1 29 33 
27 7 0 34 
18 5 11 34 
3 30 1 34 
5 2 28 35 
20 1 15 36 
2 17 18 37 
16 12 11 39 
8 8 24 40 
8 2 31 41 
25 2 14 41 
5 28 9 42 
8 17 19 44 
20 10 15 45 
1 10 34 45 
1 38 9 48 
13 9 26 48 
20 1 28 49 
4 18 27 49 
42 3 5 50 
28 21 1 50 
1 29 20 50 
32 18 1 51 
31 20 0 51 
26 23 2 51 
14 25 13 52 
28 24 0 52 
4 48 0 52 
0 26 26 52 
2 16 35 53 
4 6 43 53 
3 41 9 53 
22 9 23 54 
37 10 7 54 
4 30 20 54 
11 33 10 54 
36 11 7 54 
26 29 0 55 
25 12 18 55 
22 6 27 55 
30 7 18 55 
10 1 44 55 
20 23 13 56 
6 15 35 56 
2 17 37 56 
2 53 3 58 
8 3 47 58 
1 25 32 58 
4 5 49 58 
3 49 7 59 
13 37 10 60 
55 3 2 60 
0 10 50 60 
38 18 4 60 
8 0 52 60 
35 9 16 60 
50 7 3 60 
18 41 2 61 
51 4 6 61 
0 38 23 61 
46 15 2 63 
19 44 0 63 
7 52 4 63 
41 16 6 63 
10 50 4 64 
13 20 31 64 
24 10 30 64 
7 52 5 64 
14 36 14 64 
7 16 42 65 
37 10 18 65 
28 3 34 65 
7 22 36 65 
24 41 1 66 
36 21 9 66 
41 22 3 66 
6 15 45 66 
9 56 2 67 
30 7 30 67 
2 15 50 67 
3 56 8 67 
19 16 32 67 
13 47 7 67 
0 60 8 68 
20 21 27 68 
3 9 56 68 
18 3 47 68 
4 30 34 68 
9 35 24 68 
52 7 9 68 
10 24 35 69 
21 45 3 69 
8 35 26 69 
43 12 14 69 
4 55 10 69 
11 9 49 69 
4 45 21 70 
3 6 61 70 
2 15 53 70 
9 38 23 70 
40 15 16 71 
50 21 0 71 
5 20 46 71 
18 17 36 71 
20 42 9 71 
27 41 3 71 
28 37 6 71 
7 55 10 72 
29 34 9 72 
49 0 23 72 
3 24 45 72 
24 25 24 73 
19 35 19 73 
3 13 57 73 
9 64 1 74 
29 12 33 74 
0 60 14 74 
42 28 4 74 
12 21 41 74 
1 32 42 75 
2 6 67 75 
2 50 23 75 
35 34 7 76 
24 45 7 76 
15 6 55 76 
3 71 2 76 
31 24 21 76 
9 48 19 76 
28 30 19 77 
35 32 10 77 
40 29 8 77 
4 1 72 77 
30 8 39 77 
16 5 56 77 
11 11 55 77 
4 1 73 78 
56 17 5 78 
5 6 67 78 
8 44 26 78 
19 4 55 78 
33 21 24 78 
20 29 29 78 
41 15 22 78 
24 42 12 78 
53 12 13 78 
8 22 49 79 
1 11 67 79 
4 71 4 79 
19 4 56 79 
69 1 9 79 
35 38 6 79 
46 2 31 79 
16 30 33 79 
9 39 32 80 
8 71 1 80 
47 21 12 80 
33 33 14 80 
53 20 7 80 
11 15 54 80 
2 9 70 81 
12 50 19 81 
15 54 12 81 
6 29 46 81 
7 38 36 81 
2 30 50 82 
1 28 53 82 
7 49 26 82 
32 9 41 82 
49 20 13 82 
25 16 41 82 
35 37 10 82 
39 4 39 82 
12 55 15 82 
5 9 68 82 
15 64 4 83 
53 4 26 83 
32 35 16 83 
57 24 2 83 
41 9 33 83 
15 54 14 83 
19 62 2 83 
37 26 20 83 
5 59 20 84 
17 36 31 84 
13 6 65 84 
3 32 49 84 
16 52 16 84 
17 53 14 84 
0 7 77 84 
34 24 27 85 
25 28 32 85 
44 33 8 85 
45 11 29 85 
7 75 3 85 
39 11 35 85 
8 75 3 86 
14 26 46 86 
81 4 1 86 
34 23 29 86 
1 39 46 86 
6 18 63 87 
14 47 26 87 
49 13 25 87 
2 53 32 87 
22 65 0 87 
11 53 23 87 
16 36 35 87 
43 35 10 88 
36 33 19 88 
22 59 7 88 
2 10 76 88 
1 52 35 88 
27 14 47 88 
1 27 60 88 
21 21 46 88 
9 52 27 88 
30 23 35 88 
0 71 18 89 
16 6 67 89 
18 41 30 89 
41 15 33 89 
49 27 13 89 
1 1 87 89 
21 58 10 89 
47 7 36 90 
54 13 23 90 
14 61 15 90 
19 45 26 90 
30 30 30 90 
2 33 55 90 
11 34 45 90 
12 51 27 90 
56 24 10 90 
18 34 38 90 
12 34 44 90 
49 33 9 91 
61 8 22 91 
8 40 43 91 
60 22 9 91 
29 43 19 91 
48 3 40 91 
24 61 6 91 
45 7 39 91 
10 75 6 91 
64 10 18 92 
14 56 22 92 
40 48 4 92 
9 81 2 92 
45 23 24 92 
43 28 21 92 
14 43 35 92 
21 15 56 92 
0 57 35 92 
6 76 11 93 
18 31 44 93 
26 24 43 93 
25 48 20 93 
77 15 1 93 
20 8 65 93 
20 19 54 93 
65 20 8 93 
32 34 27 93 
26 22 45 93 
56 32 5 93 
10 32 51 93 
5 32 56 93 
24 69 0 93 
25 12 56 93 
80 3 11 94 
0 73 21 94 
31 57 6 94 
8 65 21 94 
48 40 6 94 
15 22 57 94 
58 22 14 94 
23 23 48 94 
60 24 10 94 
56 7 31 94 
41 11 42 94 
23 28 44 95 
16 7 72 95 
5 29 61 95 
4 0 91 95 
26 47 22 95 
41 51 3 95 
43 51 1 95 
44 9 42 95 
10 9 76 95 
38 38 19 95 
3 25 67 95 
24 42 29 95 
2 41 52 95 
64 6 25 95 
32 2 62 96 
12 11 73 96 
23 69 4 96 
4 19 73 96 
0 96 0 96 
13 54 29 96 
41 23 32 96 
43 48 6 97 
44 4 49 97 
0 4 93 97 
4 26 67 97 
3 1 93 97 
0 45 52 97 
33 22 42 97 
4 53 40 97 
24 38 35 97 
6 31 60 97 
17 41 40 98 
2 66 30 98 
38 39 21 98 
61 4 33 98 
13 20 65 98 
40 58 0 98 
9 46 43 98 
23 44 31 98 
19 11 68 98 
33 8 57 98 
3 47 48 98 
43 39 16 98 
42 11 45 98 
17 35 47 99 
40 51 8 99 
19 9 71 99 
57 35 7 99 
37 11 51 99 
42 31 26 99 
52 0 47 99 
67 5 27 99 
32 43 24 99 
7 11 81 99 
86 5 8 99 
33 49 17 99 
45 3 52 100 
28 1 71 100 
30 8 62 100 
62 5 33 100 
16 65 19 100 
57 32 11 100 
42 46 12 100 
74 20 6 100 
88 9 3 100 
20 51 30 101 
5 17 79 101 
22 9 70 101 
5 32 64 101 
33 39 29 101 
12 8 81 101 
23 29 49 101 
33 66 2 101 
7 2 92 101 
25 42 34 101 
8 21 72 101 
79 12 10 101 
11 50 40 101 
1 84 16 101 
30 3 69 102 
62 40 0 102 
37 4 61 102 
0 6 96 102 
59 33 10 102 
12 2 88 102 
60 40 2 102 
55 36 11 102 
8 34 60 102 
36 63 3 102 
64 32 6 102 
25 56 22 103 
33 47 23 103 
49 40 14 103 
47 15 41 103 
61 20 22 103 
0 94 9 103 
57 11 35 103 
34 55 14 103 
19 82 2 103 
57 16 30 103 
46 2 56 104 
10 42 52 104 
2 27 75 104 
39 40 25 104 
36 20 48 104 
51 16 37 104 
12 7 85 104 
81 17 6 104 
82 17 5 104 
57 25 22 104 
31 2 71 104 
53 16 35 104 
10 3 91 104 
11 9 84 104 
12 1 91 104 
6 19 79 104 
79 8 18 105 
32 37 36 105 
22 58 25 105 
20 84 1 105 
0 62 43 105 
63 2 40 105 
83 4 18 105 
37 1 67 105 
78 26 1 105 
8 45 52 105 
36 3 66 105 
12 55 38 105 
21 8 76 105 
23 75 7 105 
88 1 16 105 
14 80 12 106 
1 98 7 106 
5 70 31 106 
17 15 74 106 
3 62 41 106 
74 16 16 106 
11 58 37 106 
48 22 36 106 
4 27 75 106 
10 43 53 106 
16 38 52 106 
56 17 33 106 
51 44 11 106 
76 19 12 107 
12 77 18 107 
37 26 44 107 
43 26 38 107 
66 22 19 107 
48 39 20 107 
0 50 57 107 
43 24 40 107 
39 14 54 107 
28 68 12 108 
31 27 50 108 
89 13 6 108 
74 22 12 108 
72 10 26 108 
16 63 29 108 
21 17 70 108 
39 15 54 108 
53 49 6 108 
45 6 57 108 
24 46 39 109 
56 24 29 109 
30 67 12 109 
51 35 23 109 
35 26 48 109 
14 31 64 109 
5 61 43 109 
64 32 13 109 
19 41 49 109 
0 34 75 109 
10 83 16 109 
13 7 89 109 
77 2 30 109 
50 50 10 110 
25 66 19 110 
27 7 76 110 
91 4 15 110 
53 56 1 110 
47 41 22 110 
55 28 27 110 
24 35 51 110 
97 1 13 111 
15 16 80 111 
62 43 6 111 
35 76 0 111 
61 25 25 111 
17 42 52 111 
54 4 53 111 
24 73 14 111 
23 28 60 111 
2 50 59 111 
35 18 59 112 
74 0 38 112 
15 54 43 112 
65 8 39 112 
70 40 2 112 
64 45 3 112 
79 18 15 112 
24 16 72 112 
71 0 41 112 
35 18 59 112 
4 64 44 112 
56 40 16 112 
4 54 55 113 
26 54 33 113 
47 40 26 113 
41 56 16 113 
33 63 17 113 
32 6 75 113 
27 54 32 113 
23 38 52 113 
26 87 0 113 
68 36 9 113 
69 16 28 113 
55 26 32 113 
40 57 16 113 
55 14 44 113 
47 13 53 113 
21 59 33 113 
24 41 49 114 
52 19 43 114 
24 77 13 114 
55 36 23 114 
26 25 63 114 
68 36 10 114 
3 66 45 114 
54 20 40 114 
13 41 60 114 
5 38 71 114 
87 16 12 115 
60 9 46 115 
20 49 46 115 
16 85 14 115 
20 42 53 115 
59 47 9 115 
9 21 86 116 
10 57 49 116 
12 86 18 116 
49 65 2 116 
10 52 54 116 
95 4 17 116 
36 61 19 116 
48 19 49 116 
64 22 30 116 
24 91 1 116 
25 9 83 117 
46 70 1 117 
44 43 30 117 
99 8 10 117 
12 67 38 117 
91 1 25 117 
29 9 79 117 
40 63 14 117 
32 39 46 117 
29 9 79 117 
22 4 91 117 
53 41 23 117 
0 94 23 117 
92 3 23 118 
27 53 38 118 
11 46 61 118 
21 85 12 118 
72 39 7 118 
8 47 63 118 
56 22 40 118 
99 3 16 118 
47 50 21 118 
78 31 9 118 
81 23 14 118 
19 1 99 119 
24 71 24 119 
17 47 55 119 
28 90 1 119 
12 74 33 119 
3 78 38 119 
55 34 30 119 
49 34 36 119 
26 16 77 119 
32 42 45 119 
44 19 56 119 
7 96 17 120 
65 13 42 120 
17 46 57 120 
29 21 70 120 
4 94 22 120 
14 29 77 120 
58 59 3 120 
50 36 34 120 
35 18 67 120 
47 54 19 120 
17 65 38 120 
73 21 26 120 
6 70 44 120 
13 95 12 120 
11 16 93 120 
17 38 65 120 
35 34 52 121 
82 32 7 121 
16 79 26 121 
5 38 78 121 
30 20 71 121 
44 30 47 121 
25 49 47 121 
20 34 67 121 
31 55 35 121 
5 76 40 121 
38 68 15 121 
53 38 30 121 
5 19 97 121 
22 24 75 121 
92 25 4 121 
20 30 71 121 
26 22 73 121 
46 47 28 121 
2 90 29 121 
8 19 94 121 
77 15 29 121 
33 8 81 122 
38 60 24 122 
11 30 81 122 
8 23 91 122 
35 22 65 122 
18 45 59 122 
24 70 28 122 
1 42 79 122 
39 15 68 122 
60 26 36 122 
69 44 9 122 
13 93 16 122 
64 12 46 122 
16 55 51 122 
26 80 16 122 
25 91 6 122 
40 8 74 122 
65 13 44 122 
60 41 21 122 
17 76 30 123 
68 35 20 123 
24 70 29 123 
39 56 28 123 
19 83 21 123 
59 38 26 123 
50 67 6 123 
62 8 53 123 
21 73 29 123 
99 22 2 123 
3 46 74 123 
24 17 82 123 
34 66 23 123 
47 70 7 124 
4 78 42 124 
68 37 19 124 
27 16 81 124 
1 98 25 124 
70 8 46 124 
70 37 17 124 
38 24 62 124 
37 7 80 124 
0 66 58 124 
49 74 1 124 
69 48 7 124 
16 72 37 125 
60 20 45 125 
40 7 78 125 
66 57 2 125 
92 30 3 125 
28 19 78 125 
47 62 16 125 
33 44 48 125 
86 11 28 125 
34 7 84 125 
14 18 93 125 
95 29 1 125 
18 12 95 125 
76 21 28 125 
22 93 11 126 
33 61 32 126 
2 89 35 126 
9 47 70 126 
8 51 67 126 
31 14 81 126 
30 64 32 126 
4 55 67 126 
39 14 73 126 
10 33 83 126 
42 84 0 126 
27 52 47 126 
25 20 81 126 
28 92 7 127 
65 17 45 127 
72 0 55 127 
68 1 58 127 
56 8 63 127 
21 23 83 127 
57 21 49 127 
57 28 42 127 
86 10 31 127 
69 44 14 127 
80 31 17 128 
14 89 25 128 
15 88 25 128 
17 92 19 128 
30 76 22 128 
34 57 37 128 
70 39 19 128 
6 88 34 128 
93 33 2 128 
61 25 42 128 
73 53 2 128 
21 50 57 128 
49 21 58 128 
43 5 80 128 
12 87 30 129 
93 20 16 129 
60 31 38 129 
71 24 34 129 
50 26 53 129 
89 7 33 129 
57 56 16 129 
49 61 19 129 
33 74 22 129 
62 50 17 129 
26 34 69 129 
55 61 14 130 
65 22 43 130 
23 30 77 130 
21 15 94 130 
12 58 60 130 
28 6 96 130 
19 83 28 130 
5 36 89 130 
28 68 34 130 
89 19 22 130 
65 25 40 130 
85 20 25 130 
39 84 8 131 
2 94 35 131 
56 19 56 131 
0 67 64 131 
43 8 80 131 
21 57 53 131 
51 55 25 131 
7 54 70 131 
61 64 6 131 
26 24 81 131 
24 56 51 131 
26 29 76 131 
48 46 37 131 
44 72 15 131 
44 64 24 132 
81 22 29 132 
18 72 42 132 
76 33 23 132 
27 10 95 132 
34 9 89 132 
62 49 21 132 
16 48 68 132 
46 67 19 132 
40 82 10 132 
6 42 84 132 
78 31 23 132 
17 95 20 132 
72 58 2 132 
49 1 82 132 
72 24 37 133 
15 61 57 133 
13 88 32 133 
4 58 71 133 
54 20 59 133 
35 36 62 133 
13 50 70 133 
48 8 77 133 
99 33 1 133 
19 26 88 133 
59 1 73 133 
13 25 95 133 
64 68 1 133 
42 1 90 133 
53 65 15 133 
19 19 95 133 
78 2 54 134 
4 83 47 134 
54 29 51 134 
10 53 71 134 
66 1 67 134 
35 16 83 134 
54 52 28 134 
34 86 14 134 
22 80 32 134 
18 19 97 134 
70 17 47 134 
70 25 40 135 
0 57 78 135 
60 24 51 135 
65 15 55 135 
86 37 12 135 
64 62 9 135 
33 13 89 135 
88 11 36 135 
75 57 3 135 
7 80 48 135 
87 24 24 135 
73 19 43 135 
63 30 42 135 
49 74 12 135 
42 93 0 135 
34 29 72 135 
64 59 13 136 
57 48 31 136 
25 64 47 136 
85 4 47 136 
17 23 96 136 
24 69 43 136 
52 72 12 136 
30 85 21 136 
60 61 15 136 
73 63 0 136 
47 41 48 136 
58 57 21 136 
36 33 67 136 
68 61 7 136 
68 60 9 137 
43 9 85 137 
73 44 20 137 
72 56 9 137 
34 75 28 137 
63 7 67 137 
28 98 11 137 
19 35 83 137 
17 57 63 137 
23 77 37 137 
41 14 82 137 
36 13 88 137 
35 10 92 137 
36 40 61 137 
86 17 34 137 
78 15 44 137 
0 92 45 137 
36 98 4 138 
32 56 50 138 
86 13 39 138 
13 93 32 138 
88 20 30 138 
58 55 25 138 
23 52 63 138 
30 54 54 138 
56 69 13 138 
38 2 98 138 
73 17 48 138 
87 49 2 138 
45 55 38 138 
28 69 41 138 
90 13 35 138 
39 78 21 138 
30 98 10 138 
62 12 64 138 
43 29 67 139 
35 96 8 139 
46 2 91 139 
54 24 61 139 
19 64 56 139 
94 12 33 139 
25 29 85 139 
76 50 13 139 
37 70 32 139 
39 76 25 140 
39 31 70 140 
19 27 94 140 
28 30 82 140 
54 25 61 140 
69 61 10 140 
75 48 17 140 
57 25 58 140 
20 28 92 140 
52 84 4 140 
49 64 27 140 
76 3 61 140 
93 25 22 140 
91 26 23 140 
21 23 97 141 
75 17 49 141 
31 42 68 141 
39 44 58 141 
92 42 7 141 
37 94 10 141 
61 41 39 141 
14 78 49 141 
82 15 44 141 
85 28 28 141 
30 47 64 141 
49 24 68 141 
72 28 41 141 
50 73 18 141 
8 40 93 141 
39 59 44 142 
50 19 73 142 
27 38 77 142 
65 22 55 142 
57 16 69 142 
44 64 34 142 
42 15 85 142 
39 56 47 142 
53 54 35 142 
85 36 21 142 
81 53 8 142 
0 70 72 142 
21 82 39 142 
11 61 71 143 
39 65 39 143 
78 14 51 143 
92 28 23 143 
18 27 98 143 
54 18 71 143 
11 58 74 143 
69 30 44 143 
70 48 25 143 
33 47 63 143 
28 25 90 143 
22 27 94 143 
57 12 74 143 
16 66 61 143 
67 70 6 143 
43 60 40 143 
65 9 69 143 
21 92 30 143 
61 69 13 143 
47 68 28 143 
80 23 40 143 
63 15 65 143 
9 87 47 143 
43 10 91 144 
75 34 35 144 
51 51 42 144 
29 91 24 144 
83 51 10 144 
25 21 98 144 
23 72 49 144 
63 73 8 144 
57 72 15 144 
93 24 27 144 
59 43 42 144 
76 67 1 144 
84 39 21 144 
33 66 45 144 
59 22 64 145 
40 79 26 145 
13 99 33 145 
58 4 83 145 
44 24 77 145 
66 19 60 145 
89 2 54 145 
55 87 3 145 
39 48 58 145 
2 46 97 145 
6 44 95 145 
20 36 89 145 
21 64 60 145 
87 55 4 146 
13 37 96 146 
52 5 89 146 
75 40 31 146 
8 75 63 146 
44 43 59 146 
24 75 47 146 
46 59 41 146 
95 25 26 146 
17 47 82 146 
47 57 42 146 
71 74 1 146 
34 70 42 146 
81 50 15 146 
61 57 28 146 
50 55 41 146 
43 28 76 147 
16 90 41 147 
29 94 24 147 
33 70 44 147 
53 41 53 147 
40 49 58 147 
84 30 33 147 
78 20 49 147 
15 75 57 147 
58 28 61 147 
87 33 27 147 
97 6 44 147 
33 32 82 147 
32 16 99 147 
58 58 31 147 
29 78 41 148 
42 54 52 148 
7 96 45 148 
86 4 58 148 
4 59 85 148 
36 86 26 148 
58 38 52 148 
45 75 28 148 
67 8 73 148 
47 97 4 148 
88 23 37 148 
25 79 44 148 
49 80 19 148 
53 89 6 148 
69 57 22 148 
21 95 32 148 
45 74 30 149 
58 71 20 149 
74 35 40 149 
66 23 60 149 
33 82 34 149 
72 43 34 149 
13 65 71 149 
6 68 75 149 
4 65 80 149 
7 99 43 149 
35 15 99 149 
52 45 52 149 
85 5 59 149 
53 64 32 149 
77 70 2 149 
74 62 13 149 
59 49 41 149 
72 50 27 149 
64 78 7 149 
97 37 15 149 
35 39 75 149 
77 55 18 150 
74 24 52 150 
75 6 69 150 
90 44 16 150 
60 7 83 150 
3 67 80 150 
59 3 88 150 
3 49 98 150 
30 89 31 150 
92 6 53 151 
54 37 60 151 
77 53 21 151 
69 48 34 151 
54 7 90 151 
39 49 63 151 
75 24 52 151 
43 46 62 151 
86 0 65 151 
54 28 69 151 
36 26 89 151 
73 74 4 151 
79 45 27 151 
90 9 53 152 
15 52 85 152 
30 72 50 152 
3 71 78 152 
8 74 70 152 
34 79 39 152 
64 76 12 152 
71 10 71 152 
56 41 55 152 
44 89 19 152 
86 40 26 152 
25 47 80 152 
68 53 31 152 
67 5 80 152 
23 63 66 152 
55 97 0 152 
73 66 13 152 
37 67 48 152 
65 85 2 152 
58 8 86 152 
73 60 20 153 
84 47 22 153 
44 70 39 153 
41 93 19 153 
55 59 39 153 
51 95 7 153 
21 42 90 153 
84 31 38 153 
25 77 51 153 
45 94 14 153 
23 61 69 153 
88 51 14 153 
10 89 54 153 
44 75 34 153 
27 77 50 154 
29 75 50 154 
30 93 31 154 
89 26 39 154 
94 25 35 154 
46 64 44 154 
97 15 42 154 
46 34 74 154 
72 23 59 154 
80 69 5 154 
19 60 75 154 
57 59 38 154 
64 82 8 154 
45 93 16 154 
43 59 52 154 
49 51 54 154 
83 19 52 154 
41 31 82 154 
85 67 2 154 
55 62 37 154 
29 47 78 154 
13 79 63 155 
84 50 21 155 
91 35 29 155 
84 8 63 155 
82 38 35 155 
19 81 55 155 
73 26 56 155 
32 94 29 155 
92 29 34 155 
81 45 29 155 
92 32 31 155 
90 44 22 156 
36 67 53 156 
43 95 18 156 
7 68 81 156 
0 70 86 156 
39 27 90 156 
63 44 49 156 
5 53 99 157 
29 61 67 157 
5 67 85 157 
57 22 78 157 
69 8 80 157 
82 8 67 157 
59 6 92 157 
52 56 49 157 
54 77 26 157 
16 72 69 157 
15 57 85 157 
67 40 50 157 
43 80 34 157 
36 47 74 157 
86 65 6 157 
32 98 27 157 
28 85 44 157 
72 35 50 157 
92 0 65 157 
96 23 39 158 
14 61 83 158 
11 59 88 158 
41 59 58 158 
52 45 61 158 
25 97 36 158 
20 62 76 158 
66 64 28 158 
66 31 61 158 
81 32 45 158 
67 1 90 158 
21 94 43 158 
47 19 92 158 
51 89 18 158 
78 12 69 159 
47 78 34 159 
46 80 33 159 
71 68 20 159 
72 29 58 159 
9 77 73 159 
51 54 54 159 
72 8 79 159 
23 99 37 159 
63 0 96 159 
8 61 90 159 
72 25 62 159 
59 66 34 159 
83 45 31 159 
37 79 43 159 
24 70 65 159 
23 74 62 159 
65 14 80 159 
66 5 88 159 
83 49 28 160 
42 20 98 160 
51 41 68 160 
6 63 91 160 
28 80 52 160 
53 87 20 160 
15 91 54 160 
93 3 64 160 
86 4 70 160 
40 83 37 160 
49 43 68 160 
57 54 50 161 
63 33 65 161 
35 49 77 161 
56 62 43 161 
86 74 1 161 
8 83 70 161 
77 67 17 161 
48 31 82 161 
46 83 32 161 
96 37 29 162 
6 58 98 162 
11 60 91 162 
44 76 42 162 
49 71 42 162 
45 49 68 162 
25 68 69 162 
87 29 46 162 
74 4 84 162 
91 13 58 162 
0 99 63 162 
44 47 71 162 
31 60 71 162 
80 43 39 162 
91 23 48 162 
49 98 16 163 
59 5 99 163 
89 27 47 163 
95 56 12 163 
38 61 64 163 
34 49 80 163 
10 81 72 163 
71 60 32 163 
37 91 35 163 
25 75 63 163 
66 40 58 164 
82 65 17 164 
82 21 61 164 
19 56 89 164 
77 26 61 164 
99 51 14 164 
20 68 76 164 
97 12 55 164 
91 26 47 164 
53 28 83 164 
74 89 1 164 
39 93 32 164 
40 72 52 164 
68 11 85 164 
92 11 61 164 
29 41 95 165 
29 80 56 165 
89 4 72 165 
84 76 5 165 
58 82 25 165 
72 51 42 165 
88 10 67 165 
35 54 76 165 
65 2 98 165 
66 48 51 165 
88 24 53 165 
38 32 95 165 
62 25 79 166 
77 32 57 166 
95 21 50 166 
54 65 47 166 
89 58 19 166 
75 54 37 166 
91 17 58 166 
62 6 98 166 
55 93 18 166 
55 25 86 166 
61 32 73 166 
24 78 64 166 
35 80 51 166 
12 83 71 166 
71 35 61 167 
21 77 69 167 
82 29 56 167 
54 63 50 167 
89 4 74 167 
76 15 76 167 
42 60 65 167 
73 53 41 167 
54 86 27 167 
34 99 34 167 
44 59 64 167 
82 28 57 167 
82 82 3 167 
28 99 40 167 
42 33 92 167 
64 88 15 167 
41 73 53 167 
49 62 56 167 
46 92 29 167 
95 50 22 167 
52 88 27 167 
78 38 51 167 
87 52 28 167 
60 99 9 168 
56 82 30 168 
97 21 50 168 
96 17 55 168 
52 96 20 168 
16 82 70 168 
70 95 3 168 
47 24 97 168 
51 25 92 168 
66 92 10 168 
17 57 94 168 
24 67 77 168 
49 74 45 168 
97 36 35 168 
76 87 5 168 
1 97 70 168 
95 72 1 168 
50 71 47 168 
39 92 38 169 
90 37 42 169 
51 27 91 169 
46 61 62 169 
57 70 42 169 
5 92 72 169 
59 64 46 169 
72 72 25 169 
42 48 79 169 
57 80 32 169 
18 66 85 169 
94 7 68 169 
20 68 81 169 
66 53 51 170 
60 13 97 170 
29 64 77 170 
50 93 27 170 
56 40 74 170 
56 83 31 170 
99 49 22 170 
66 6 98 170 
50 45 75 170 
53 61 56 170 
16 91 64 171 
48 49 74 171 
84 56 31 171 
56 30 85 171 
49 89 33 171 
75 28 68 171 
95 41 35 171 
82 36 53 171 
45 84 42 171 
98 73 0 171 
14 82 75 171 
69 78 24 171 
61 86 24 171 
96 57 18 171 
47 97 27 171 
85 41 46 172 
74 41 57 172 
93 17 62 172 
68 62 42 172 
78 29 65 172 
74 20 78 172 
45 31 96 172 
27 92 53 172 
70 86 16 172 
55 81 36 172 
6 73 93 172 
51 32 89 172 
66 53 53 172 
25 56 91 172 
91 42 39 172 
40 99 33 172 
34 72 67 173 
58 90 25 173 
43 69 61 173 
99 34 40 173 
96 22 55 173 
82 7 85 174 
65 96 13 174 
87 35 52 174 
16 64 94 174 
46 77 51 174 
2 95 77 174 
94 62 18 174 
66 75 33 174 
64 12 98 174 
61 44 69 174 
96 23 55 174 
59 88 27 174 
93 65 16 174 
6 99 69 174 
63 51 60 174 
52 25 97 174 
1 99 74 174 
91 64 20 175 
47 98 30 175 
41 57 77 175 
49 53 73 175 
33 59 83 175 
97 70 8 175 
50 90 35 175 
30 71 74 175 
65 52 58 175 
84 39 52 175 
45 74 56 175 
85 33 57 175 
28 84 63 175 
81 14 80 175 
68 93 14 175 
74 87 15 176 
2 96 78 176 
23 65 88 176 
80 71 25 176 
49 59 68 176 
77 45 54 176 
8 81 87 176 
45 50 81 176 
28 89 59 176 
77 44 55 176 
74 39 63 176 
78 51 47 176 
40 81 55 176 
6 85 85 176 
94 59 23 176 
27 63 86 176 
50 71 55 176 
38 71 67 176 
94 46 37 177 
58 94 25 177 
81 49 47 177 
72 53 52 177 
16 97 64 177 
61 89 27 177 
68 16 93 177 
56 29 92 177 
30 69 78 177 
98 35 44 177 
82 18 77 177 
40 69 68 177 
72 39 66 177 
6 82 89 177 
35 51 91 177 
37 79 61 177 
13 83 81 177 
73 35 69 177 
65 61 51 177 
51 38 89 178 
68 89 21 178 
47 97 34 178 
40 82 56 178 
84 16 78 178 
91 75 12 178 
63 25 90 178 
57 92 29 178 
15 84 79 178 
30 78 70 178 
94 9 75 178 
92 33 53 178 
29 95 54 178 
63 21 94 178 
60 30 88 178 
88 17 73 178 
86 19 73 178 
82 59 37 178 
73 80 25 178 
86 91 1 178 
60 29 90 179 
91 50 38 179 
47 69 63 179 
18 85 76 179 
58 86 35 179 
71 85 23 179 
37 75 67 179 
12 88 79 179 
37 94 48 179 
51 90 38 179 
80 34 65 179 
21 79 80 180 
93 5 82 180 
88 73 19 180 
88 65 27 180 
89 31 60 180 
29 99 52 180 
5 78 97 180 
72 39 69 180 
71 79 30 180 
81 70 29 180 
60 49 71 180 
51 55 74 180 
24 95 61 180 
47 90 43 180 
95 21 64 180 
85 12 83 180 
70 45 65 180 
43 83 55 181 
96 9 76 181 
87 51 43 181 
61 45 75 181 
40 77 64 181 
61 97 23 181 
48 98 35 181 
68 71 42 181 
83 34 64 181 
90 62 29 181 
30 84 67 181 
65 90 26 181 
80 11 90 181 
25 72 84 181 
58 78 46 182 
83 47 52 182 
12 76 94 182 
92 16 74 182 
87 49 46 182 
48 51 83 182 
69 46 67 182 
63 50 69 182 
11 94 77 182 
51 78 53 182 
4 94 85 183 
35 50 98 183 
94 87 2 183 
78 86 19 183 
41 85 57 183 
59 52 72 183 
85 57 41 183 
58 78 47 183 
90 13 80 183 
72 72 39 183 
39 62 82 183 
52 74 58 184 
93 17 74 184 
29 75 80 184 
16 71 97 184 
78 71 35 184 
67 32 85 184 
66 83 35 184 
36 73 75 184 
92 22 70 184 
47 40 97 184 
50 96 38 184 
95 42 48 185 
76 64 45 185 
52 49 84 185 
86 12 87 185 
67 61 57 185 
35 68 82 185 
11 75 99 185 
4 89 92 185 
68 62 55 185 
76 66 43 185 
49 80 56 185 
33 90 62 185 
93 69 23 185 
68 64 53 185 
78 67 40 185 
65 98 22 185 
15 86 85 186 
36 63 87 186 
94 22 70 186 
96 20 70 186 
78 46 62 186 
86 80 20 186 
90 13 84 187 
53 94 40 187 
88 73 26 187 
40 76 71 187 
78 44 65 187 
56 97 34 187 
0 91 96 187 
74 63 50 187 
90 51 46 187 
58 50 79 187 
82 66 39 187 
93 29 65 187 
79 18 90 187 
13 89 85 187 
62 97 28 187 
86 82 19 187 
96 72 19 187 
43 89 56 188 
84 91 13 188 
92 84 12 188 
48 70 70 188 
93 11 84 188 
54 71 63 188 
71 20 97 188 
73 63 52 188 
91 44 53 188 
84 36 68 188 
51 43 94 188 
55 61 72 188 
95 41 52 188 
75 96 17 188 
66 58 64 188 
90 68 31 189 
6 91 92 189 
33 97 59 189 
60 85 44 189 
39 76 74 189 
85 45 59 189 
86 46 57 189 
92 56 42 190 
78 65 47 190 
71 64 55 190 
55 85 50 190 
36 91 63 190 
43 62 85 190 
32 92 66 190 
80 69 41 190 
49 73 68 190 
61 85 44 190 
51 92 48 191 
66 80 45 191 
78 20 93 191 
25 93 73 191 
60 44 87 191 
86 73 32 191 
91 69 31 191 
30 66 95 191 
99 33 60 192 
42 93 57 192 
40 67 85 192 
64 53 75 192 
83 79 30 192 
98 30 64 192 
61 91 40 192 
94 38 60 192 
78 68 46 192 
93 89 10 192 
64 41 87 192 
82 54 56 192 
29 95 68 192 
52 62 78 192 
58 72 62 192 
94 35 64 193 
93 6 94 193 
73 98 22 193 
62 84 47 193 
59 70 64 193 
98 26 69 193 
70 34 89 193 
76 76 41 193 
77 68 48 193 
84 49 60 193 
73 52 68 193 
48 51 94 193 
93 56 44 193 
37 79 77 193 
71 23 99 193 
60 54 80 194 
64 70 60 194 
46 85 63 194 
52 45 97 194 
18 90 86 194 
43 98 53 194 
44 56 94 194 
65 80 49 194 
90 23 81 194 
34 61 99 194 
95 17 82 194 
93 74 28 195 
74 52 69 195 
89 54 52 195 
34 78 83 195 
82 66 47 195 
73 98 24 195 
20 85 90 195 
32 94 69 195 
45 89 61 195 
66 43 86 195 
51 58 86 195 
24 96 75 195 
91 82 22 195 
16 83 97 196 
98 81 17 196 
15 87 94 196 
89 96 11 196 
94 99 3 196 
78 85 33 196 
96 94 6 196 
72 37 88 197 
11 92 94 197 
68 90 39 197 
87 28 82 197 
81 33 83 197 
92 30 75 197 
87 65 45 197 
83 17 97 197 
97 31 69 197 
41 68 88 197 
47 78 72 197 
68 75 54 197 
22 95 80 197 
78 53 66 197 
51 51 96 198 
83 93 22 198 
80 77 41 198 
96 87 15 198 
53 60 85 198 
90 49 59 198 
78 34 86 198 
60 53 85 198 
30 84 84 198 
79 90 29 198 
48 97 53 198 
49 60 89 198 
93 58 47 198 
53 56 89 198 
96 3 99 198 
76 37 85 198 
34 78 86 198 
9 99 91 199 
48 76 75 199 
56 51 92 199 
74 99 26 199 
50 96 53 199 
48 95 56 199 
66 43 90 199 
69 87 43 199 
99 97 4 200 
77 97 26 200 
51 59 90 200 
44 79 77 200 
97 85 18 200 
30 91 79 200 
70 94 36 200 
58 93 49 200 
99 87 14 200 
85 47 68 200 
58 57 86 201 
66 74 61 201 
78 72 51 201 
31 88 82 201 
34 70 97 201 
48 76 77 201 
67 84 50 201 
96 14 92 202 
92 57 53 202 
81 26 95 202 
66 67 69 202 
73 58 71 202 
56 49 97 202 
73 30 99 202 
92 50 61 203 
88 76 39 203 
65 61 77 203 
78 53 72 203 
77 86 40 203 
77 32 94 203 
79 74 50 203 
65 56 82 203 
41 78 84 203 
52 83 68 203 
93 41 70 204 
82 54 68 204 
51 77 76 204 
72 45 87 204 
23 82 99 204 
84 40 80 204 
89 71 44 204 
99 76 29 204 
81 53 71 205 
91 43 71 205 
80 47 78 205 
75 94 36 205 
60 61 84 205 
92 47 66 205 
96 39 70 205 
65 75 65 205 
83 43 79 205 
91 43 71 205 
99 25 81 205 
87 28 91 206 
67 52 87 206 
96 81 29 206 
85 81 40 206 
72 52 82 206 
91 81 34 206 
98 27 81 206 
99 18 89 206 
34 96 76 206 
71 85 50 206 
49 62 95 206 
82 32 93 207 
56 71 80 207 
30 89 88 207 
51 66 90 207 
89 78 40 207 
54 57 96 207 
34 83 90 207 
92 16 99 207 
93 24 91 208 
44 82 82 208 
97 63 48 208 
92 60 56 208 
99 33 77 209 
33 96 80 209 
75 87 47 209 
72 39 98 209 
86 97 26 209 
91 94 24 209 
15 97 97 209 
46 83 80 209 
58 71 80 209 
26 99 85 210 
89 97 24 210 
40 78 92 210 
65 66 79 210 
91 28 91 210 
44 86 80 210 
49 92 69 210 
82 57 71 210 
79 75 56 210 
77 94 40 211 
35 88 88 211 
77 81 53 211 
90 39 82 211 
98 15 99 212 
98 29 85 212 
90 75 47 212 
70 99 43 212 
88 61 64 213 
79 63 71 213 
84 77 52 213 
78 61 74 213 
89 94 30 213 
59 99 55 213 
58 82 74 214 
58 91 65 214 
65 79 70 214 
68 87 59 214 
54 61 99 214 
67 76 71 214 
97 47 70 214 
87 37 90 214 
65 95 54 214 
43 87 85 215 
79 48 88 215 
42 89 84 215 
90 42 83 215 
58 81 76 215 
52 68 95 215 
90 90 35 215 
20 99 96 215 
90 49 77 216 
89 65 62 216 
60 83 73 216 
90 56 70 216 
86 34 96 216 
67 76 74 217 
50 96 71 217 
48 81 88 217 
86 63 68 217 
94 40 83 217 
51 86 80 217 
84 98 35 217 
74 86 57 217 
79 50 88 217 
76 62 79 217 
59 72 86 217 
86 61 71 218 
42 94 82 218 
65 65 88 218 
97 75 46 218 
54 71 93 218 
69 85 64 218 
89 71 58 218 
55 94 69 218 
78 69 71 218 
99 74 46 219 
67 62 90 219 
86 80 53 219 
93 63 63 219 
72 70 77 219 
45 96 78 219 
61 74 85 220 
84 74 62 220 
90 89 41 220 
89 46 85 220 
60 94 66 220 
36 91 93 220 
57 84 79 220 
62 77 81 220 
75 47 98 220 
84 44 93 221 
89 33 99 221 
70 60 91 221 
67 60 94 221 
81 49 91 221 
54 73 94 221 
68 86 68 222 
80 77 65 222 
63 77 82 222 
98 61 63 222 
57 88 77 222 
37 90 96 223 
90 64 69 223 
74 78 71 223 
61 84 79 224 
92 40 92 224 
91 69 65 225 
79 85 61 225 
49 94 82 225 
98 60 67 225 
76 64 85 225 
72 70 84 226 
69 78 79 226 
52 76 98 226 
83 70 73 226 
79 49 99 227 
86 71 70 227 
97 62 69 228 
90 89 49 228 
95 82 51 228 
87 95 46 228 
89 88 51 228 
88 92 48 228 
99 73 56 228 
99 39 91 229 
89 77 63 229 
85 70 74 229 
50 80 99 229 
69 79 81 229 
92 99 38 229 
91 68 70 229 
83 49 98 230 
73 70 87 230 
62 83 85 230 
68 66 96 230 
90 68 72 230 
52 84 94 230 
58 89 83 230 
68 84 78 230 
85 72 74 231 
95 93 43 231 
83 74 75 232 
73 61 99 233 
72 93 68 233 
77 69 87 233 
73 89 72 234 
99 53 82 234 
79 80 75 234 
66 87 82 235 
60 88 87 235 
99 45 92 236 
79 88 69 236 
99 40 97 236 
55 87 94 236 
85 69 83 237 
66 79 92 237 
85 67 85 237 
78 63 96 237 
89 82 67 238 
69 71 98 238 
86 60 92 238 
99 93 47 239 
95 94 50 239 
78 89 73 240 
79 73 88 240 
84 95 62 241 
81 92 68 241 
98 71 72 241 
76 76 89 241 
93 68 81 242 
96 68 78 242 
74 94 76 244 
77 92 75 244 
98 79 67 244 
77 98 69 244 
77 76 92 245 
96 88 61 245 
90 98 57 245 
99 63 83 245 
78 84 83 245 
97 59 89 245 
78 84 84 246 
85 76 85 246 
78 92 78 248 
57 95 96 248 
97 64 88 249 
68 92 90 250 
79 93 78 250 
66 85 99 250 
88 76 87 251 
76 96 79 251 
82 83 87 252 
95 82 76 253 
96 75 82 253 
73 82 98 253 
87 90 77 254 
78 94 83 255 
88 94 74 256 
88 72 96 256 
81 83 92 256 
79 87 90 256 
78 91 88 257 
88 91 81 260 
96 73 92 261 
89 73 99 261 
85 77 99 261 
87 85 89 261 
88 83 91 262 
92 76 97 265 
94 89 83 266 
92 88 86 266 
97 73 97 267 
90 93 84 267 
91 92 86 269 
84 99 88 271 
95 95 81 271 
84 94 94 272 
87 90 98 275 
87 95 94 276 
97 85 96 278 
89 97 95 281 
97 98 88 283 
6.020999999918786 ms